Strain	p11	p0006	p0017	p0017S	p002y	p003p	p0040	pyo
NRS001	0.8422	0.6519	0.9595	0.5246	0.4195	0.4133	0.5569	0.532888889
NRS002	0.9042	0.3246	0.357166667	0.2357	0.2046	0.2216	0.6643	0.153555556
NRS003	0.7337	0.501	0.6185	0.2065	0.2213	0.2198	0.4936	0.173333333
NRS021	0.905	0.2528	0.755	0.1831	0.1928	0.1817	0.7401	0.227333333
NRS022	0.707	0.4501	0.588333333	0.4034	0.3391	0.3865	0.3362	0.256222222
NRS027	0.2713	0.2565	0.427166667	0.2177	0.2243	0.1907	0.1777	0.162777778
NRS029	0.9481	0.2122	0.618	0.1916	0.1753	0.1852	0.5826	0.291444444
NRS035	0.9051	0.8051	0.320833333	0.3778	0.6376	0.6308	0.6402	0.224333333
NRS036	0.6885	0.2894	0.5925	0.1807	0.1898	0.1991	0.4747	0.335777778
NRS039	0.7031	0.2819	0.350333333	0.1848	0.1707	0.1659	0.4456	0.302
NRS049	0.6889	0.4084	0.463166667	0.3616	0.3007	0.2804	0.3927	0.279333333
NRS051	0.6326	0.4777	0.602833333	0.2718	0.21	0.1982	0.4848	0.272777778
NRS052	0.7276	0.625	0.757666667	0.3249	0.3525	0.3774	0.5058	0.210444444
NRS054	0.6265	0.2557	0.630166667	0.3386	0.2401	0.2423	0.3857	0.187777778
NRS063	0.7605	0.723	0.584666667	0.4197	0.3184	0.3701	0.5003	0.447111111
NRS064	0.8128	0.8694	0.865833333	0.5577	0.4554	0.4411	0.6872	0.534
NRS070	0.587	0.4008	0.948833333	0.3064	0.2767	0.2699	0.6793	0.247
NRS071	0.784	0.2584	0.357333333	0.1741	0.1818	0.1945	0.3661	0.277777778
NRS072	0.5525	0.3546	0.435833333	0.1746	0.1801	0.1931	0.2935	0.243333333
NRS073	0.5401	0.2984	0.448666667	0.1845	0.1808	0.17	0.3459	0.462222222
NRS074	0.5346	0.277	0.456166667	0.1835	0.1783	0.2138	0.4763	0.414222222
NRS079	0.6447	0.2454	0.454166667	0.1746	0.1711	0.1594	0.4258	0.215111111
NRS100	0.4874	0.3118	0.458	0.1978	0.1845	0.1788	0.3055	0.249
NRS102	0.4635	0.3531	0.438666667	0.2883	0.2764	0.2659	0.4804	0.154444444
NRS103	0.9634	0.5249	0.587666667	0.2829	0.4221	0.3102	0.9239	0.308666667
NRS104	0.8811	0.2859	0.340333333	0.1905	0.2263	0.1962	0.8615	0.375
NRS105	0.895	0.5905	0.396666667	0.307	0.3105	0.3099	0.5207	0.652666667
NRS106	0.9971	0.3735	0.7665	0.2432	0.2039	0.1806	0.8912	0.351
NRS107	0.5832	0.3744	0.368333333	0.2459	0.2266	0.2412	0.4838	0.422222222
NRS108	0.75	0.5081	0.853666667	0.4555	0.291	0.2839	0.379	0.355333333
NRS109	0.8244	0.871	0.375333333	0.6547	0.7657	0.6949	0.5077	0.769
NRS110	0.7639	0.7726	0.554	0.7058	0.6331	0.6059	0.5971	0.638444444
NRS111	0.8965	0.347	0.9755	0.3206	0.2944	0.2793	0.9789	0.437555556
NRS112	0.9619	0.3832	0.357666667	0.334	0.3563	0.3115	0.8184	0.608777778
NRS113	0.8826	0.9691	0.2105	0.1725	0.3199	0.3011	0.5797	0.159222222
NRS114	0.5789	0.3087	0.955	0.2376	0.216	0.2102	0.4433	0.190444444
NRS119	0.7646	0.3503	0.9705	0.3794	0.2514	0.2964	0.3823	0.375888889
NRS145	0.1859	0.2893	0.23	0.1776	0.171	0.1612	0.2137	0.250666667
NRS148	0.9271	0.9284	0.244	0.3515	0.8084	0.7101	0.9098	0.853111111
NRS149	0.3731	0.4712	0.351333333	0.3604	0.3915	0.3903	0.4165	0.378444444
NRS152	0.7743	0.5245	0.9615	0.5841	0.395	0.3581	0.3791	0.400444444
NRS157	0.8593	0.7352	0.209	0.2713	0.3669	0.4704	0.6385	0.275444444
NRS161	0.8378	0.5362	0.740166667	0.329	0.3613	0.3487	0.8104	0.294
NRS162	0.8919	0.5548	0.305	0.2496	0.3463	0.2959	0.7249	0.591555556
NRS164	0.9344	0.3138	0.8045	0.2477	0.2414	0.2288	0.9259	0.276111111
NRS167	0.7104	0.5828	0.226666667	0.1958	0.3932	0.3358	0.5791	0.186333333
NRS168	0.9359	0.8664	0.205666667	0.3148	0.4696	0.4553	0.6545	0.457444444
NRS169	0.9498	0.9288	0.207333333	0.2957	0.4606	0.4528	0.6779	0.460222222
NRS170	0.878	0.2192	0.165333333	0.1619	0.1859	0.1604	0.7387	0.276777778
NRS172	0.7677	0.346	0.8985	0.5314	0.3424	0.3262	0.3861	0.256555556
NRS174	0.9386	0.2792	0.572166667	0.1855	0.2091	0.1861	0.8215	0.462777778
NRS175	0.9599	0.6886	0.467166667	0.4639	0.3654	0.3239	0.6667	0.295555556
NRS177	0.9056	0.2715	0.623166667	0.2627	0.1856	0.3212	0.7174	0.445111111
NRS178	0.8809	0.3462	0.844333333	0.2558	0.2323	0.2545	0.6313	0.413777778
NRS180	0.9432	0.9605	0.502	0.1822	0.4223	0.4279	0.7527	0.184555556
NRS182	1.0422	0.2763	0.827666667	0.1848	0.1676	0.1721	0.7891	0.412777778
NRS183	0.7981	0.3219	0.824333333	0.341	0.2346	0.2503	0.7778	0.451777778
NRS185	0.8829	0.4573	0.846666667	0.3382	0.2612	0.3134	0.6873	0.266555556
NRS187	0.8882	0.7893	0.203333333	0.3538	0.4374	0.4117	0.6458	0.528888889
NRS188	0.6589	0.5414	0.870333333	0.5074	0.4549	0.4058	0.4042	0.268
NRS189	0.7329	0.3786	0.6005	0.2186	0.2156	0.2134	0.5018	0.215222222
NRS191	0.9111	0.5673	0.6245	0.326	0.2923	0.2739	0.7238	0.369444444
NRS192	0.8352	0.3743	0.393666667	0.2109	0.2034	0.1998	0.341	0.223111111
NRS194	1.024	0.435	0.350333333	0.2132	0.1795	0.1938	0.3993	0.283666667
NRS196	0.7887	0.2138	0.722333333	0.1999	0.191	0.1891	0.8212	0.334222222
NRS198	0.5099	0.4899	1.078333333	0.3919	0.3584	0.3482	0.2887	0.430777778
NRS199	0.7629	0.3373	0.937833333	0.2094	0.2123	0.2157	0.7857	0.350111111
NRS201	0.5635	0.3062	1.021166667	0.3184	0.2576	0.2577	0.5573	0.213444444
NRS202	0.4148	0.2736	0.790833333	0.2689	0.2379	0.2228	0.281	0.228111111
NRS203	0.4014	0.2746	0.247333333	0.1986	0.1888	0.1888	0.3356	0.176222222
NRS204	0.529	0.2964	0.765333333	0.2456	0.2797	0.1912	0.3844	0.220111111
NRS205	0.8961	0.8313	0.637333333	0.378	0.634	0.5734	0.9099	0.779888889
NRS207	1.0284	0.2806	1.006333333	0.2589	0.161	0.1578	0.9712	0.180888889
NRS209	0.8992	0.7382	1.0185	0.9152	0.8462	0.8199	0.6109	0.218444444
NRS210	0.9682	0.2166	0.766166667	0.2008	0.195	0.1837	0.9453	0.329
NRS211	0.9952	0.3192	1.019833333	0.2468	0.208	0.222	0.9655	0.315888889
NRS212	0.9189	0.206	0.528833333	0.1859	0.217	0.1631	0.8747	0.183444444
NRS213	0.896	0.1783	0.468333333	0.1739	0.1677	0.1694	0.8228	0.306888889
NRS214	0.6185	0.2894	0.997833333	0.2935	0.1969	0.2577	0.5806	0.322222222
NRS215	0.6346	0.2214	0.511333333	0.21	0.1938	0.177	0.6703	0.235111111
NRS216	0.9679	0.962	0.456166667	0.3485	0.4343	0.4107	0.8683	0.240666667
NRS217	0.8539	0.3286	0.261666667	0.2087	0.2208	0.1979	0.6462	0.437444444
NRS218	0.8143	0.4737	0.821166667	0.4607	0.4453	0.4244	0.4735	0.372444444
NRS219	0.8841	0.5735	0.908833333	0.4524	0.3888	0.3843	0.7968	0.303111111
NRS220	0.844	0.4641	0.720333333	0.2391	0.2847	0.2893	0.7381	0.286222222
NRS222	0.8984	0.3124	0.412666667	0.2035	0.2202	0.2389	0.692	0.251111111
NRS223	1.0292	0.4029	0.886833333	0.2642	0.2643	0.2887	0.9931	0.264111111
NRS224	0.6832	0.2883	0.620333333	0.2059	0.2067	0.1902	0.7478	0.321222222
NRS225	0.9783	0.3506	0.782166667	0.1776	0.1613	0.167	0.9545	0.161111111
NRS226	0.415	0.3251	0.807	0.2894	0.2729	0.2472	0.3934	0.190555556
NRS227	0.9452	0.556	0.315333333	0.3819	0.3189	0.3118	0.6372	0.266777778
NRS230	0.8686	0.3404	0.772166667	0.195	0.2526	0.2023	0.6925	0.272444444
NRS231	0.9991	0.2556	0.4945	0.185	0.2259	0.2232	0.6478	0.411777778
NRS232	0.775	0.9026	0.337	0.3283	0.4997	0.5315	0.5814	0.191888889
NRS233	0.8725	0.3068	0.421833333	0.1972	0.2201	0.2136	0.7279	0.342888889
NRS235	0.8735	0.4775	0.486	0.2857	0.4005	0.3237	0.7562	0.339
NRS236	0.8194	0.6894	0.2975	0.2433	0.3835	0.3884	0.524	0.611444444
NRS237	0.7491	0.2354	0.1965	0.1594	0.1629	0.1579	0.6542	0.210111111
NRS239	0.8101	0.2231	0.2665	0.153	0.1509	0.1552	0.5162	0.149
NRS240	0.7359	0.701	0.912833333	0.4926	0.3245	0.318	0.6925	0.233888889
NRS241	0.9118	0.9103	0.2805	0.6447	0.4282	0.394	0.5658	0.361777778
NRS242	0.9674	0.5747	0.951	0.4218	0.4402	0.3455	0.8782	0.364111111
NRS243	0.6449	0.3238	0.627166667	0.1875	0.1828	0.1713	0.5992	0.212111111
NRS245	0.751	0.6242	0.921	0.3575	0.3151	0.3167	0.7504	0.254222222
NRS246	1.0345	1.0579	0.6055	0.4237	0.3893	0.3463	0.8989	0.352111111
NRS247	0.9027	0.3483	0.486	0.2043	0.1856	0.1893	0.5666	0.356888889
NRS248	0.9517	0.5112	0.313666667	0.2293	0.2557	0.2422	0.4453	0.239666667
NRS249	0.9258	0.7781	0.848666667	0.417	0.3841	0.4135	0.7446	0.391777778
NRS252	0.7788	0.6289	0.467833333	0.3525	0.3267	0.3477	0.4326	0.407666667
NRS253	0.6938	0.6188	0.5435	0.513	0.4013	0.4466	0.5675	0.555666667
NRS254	0.8319	0.4048	0.846666667	0.5427	0.3726	0.398	0.3801	0.214777778
NRS255	0.8189	1.001	0.766166667	0.6609	0.6189	0.7605	0.8638	0.711666667
NRS256	0.8314	0.5217	0.290833333	0.1961	0.2309	0.2246	0.5999	0.274555556
NRS259	0.9714	0.2709	0.282	0.1955	0.1967	0.2003	0.8947	0.314333333
NRS260	1.01	0.8701	0.303666667	0.4388	0.4839	0.3636	0.7754	0.433333333
NRS262	0.946	0.2403	0.215333333	0.148	0.1533	0.154	0.7025	0.181
NRS264	0.952	0.4079	0.522	0.2469	0.2576	0.2346	0.8053	0.321555556
NRS265	0.9263	0.8483	0.188833333	0.2337	0.5417	0.5919	0.5979	0.685111111
NRS266	1.0404	0.8352	0.441166667	0.3838	0.5619	0.6056	0.9333	0.642
NRS271	0.9334	0.7077	0.428333333	0.387	0.33	0.3773	0.5628	0.345777778
NRS272	0.9753	0.5464	0.4595	0.3037	0.2305	0.2672	0.7155	0.179
NRS275	0.6983	0.5457	0.825333333	0.3106	0.2798	0.2938	0.469	0.333888889
NRS383	0.9337	0.6061	0.763166667	0.4433	0.3195	0.3834	0.6704	0.400222222
NRS386	1.0121	0.9646	0.3345	0.388	0.4241	0.5135	0.746	0.499444444
NRS387	1.1048	0.7756	0.998833333	0.5412	0.4605	0.5077	0.969	0.523
NRS408	1.0094	0.9845	0.670666667	0.4349	0.4658	0.4882	0.7807	0.492333333
CFBRSa03	0.7795	0.408833333	0.197166667	0.174	0.1735	0.167666667	0.25275	0.15425
CFBRSa04	0.618125	0.400666667	0.217333333	0.173666667	0.16925	0.1725	0.575875	0.15475
CFBRSa05	1.0155	0.344333333	1.097333333	0.2115	0.200625	0.2115	0.387625	0.199875
CFBRSa06	1.096125	0.613166667	0.2475	0.212	0.259375	0.297666667	1.046625	0.257375
CFBRSa07	0.1945	0.216166667	0.651833333	0.177666667	0.190125	0.181	0.20175	0.160875
CFBRSa21	0.33475	0.324	0.526166667	0.274	0.287	0.305166667	0.306875	0.2335
CFBRSa22	0.91275	0.366666667	0.188333333	0.196	0.181375	0.176333333	0.863625	0.159625
CFBRSa23	0.65575	0.279	0.966333333	0.209333333	0.19675	0.201	0.82475	0.161125
CFBRSa24	0.525	0.372333333	0.2255	0.198	0.164375	0.171166667	0.30025	0.155375
CFBRSa25	1.01825	0.49	0.22	0.190166667	0.2105	0.219166667	0.915	0.1985
CFBRSa26	1.009125	0.270833333	0.567666667	0.165	0.169125	0.167	0.827	0.157125
CFBRSa27	0.419875	0.298666667	0.177	0.182833333	0.17275	0.182666667	0.333625	0.159875
CFBRSa28	0.64275	0.522	0.166666667	0.164666667	0.1685	0.161666667	0.5575	0.154125
CFBRSa29	1.1295	0.261666667	1.0885	0.17	0.167125	0.164	0.592	0.15725
CFBRSa30	0.339125	0.4315	0.931333333	0.318833333	0.314	0.3515	0.383625	0.211125
CFBRSa47	0.997625	0.381666667	0.193166667	0.189166667	0.194375	0.182333333	0.8055	0.15625
CFBRSa48	0.293125	0.2575	1.1785	0.187833333	0.198	0.1785	0.20025	0.1645
CFBRSa49	0.475375	0.473666667	0.905666667	0.294166667	0.23675	0.215	0.43075	0.175375
CFBRSa50	1.104625	0.3465	0.238	0.180166667	0.184625	0.169833333	0.230375	0.1555
CFBRSa51	0.582875	1.046333333	0.210166667	0.3425	0.308125	0.322166667	0.729625	0.164625
CFBRSa66A	0.881	0.206166667	0.226833333	0.177166667	0.19025	0.169666667	0.332	0.15425
CFBRSa66B	0.6145	0.1855	0.183833333	0.1775	0.169875	0.165666667	0.30225	0.155625
CFBRSa70	0.739	0.642166667	0.925833333	0.203166667	0.168	0.1855	0.33025	0.155625
CFBRSa74	0.9345	0.340166667	0.193833333	0.1655	0.162625	0.169333333	0.522	0.1565
CFBREBSa101	0.97175	0.203333333	0.509	0.165	0.164	0.175	0.779125	0.156625
CFBREBSa102	1.005	0.198333333	0.551166667	0.177	0.18225	0.169833333	0.838125	0.155125
CFBREBSa103	0.908625	0.2285	0.411166667	0.186333333	0.18375	0.1705	0.7585	0.154875
CFBREBSa104	1.032125	0.227166667	0.537	0.196333333	0.202875	0.177833333	0.86375	0.158875
CFBREBSa105	0.59275	0.281333333	0.17	0.187833333	0.2075	0.172166667	0.347125	0.15725
CFBREBSa108	0.968	0.407833333	0.207	0.198333333	0.2045	0.177833333	0.764125	0.16
CFBREBSa110	0.968	0.43	0.1985	0.191	0.191375	0.1695	0.778125	0.157875
CFBREBSa112	0.969	0.392	0.208666667	0.190833333	0.1945	0.17	0.8015	0.155
CFBREBSa114	0.95	0.407666667	0.434833333	0.194833333	0.19925	0.180833333	0.72925	0.1635
CFBREBSa116	0.981	0.4415	0.201833333	0.176666667	0.18	0.1655	0.69275	0.1555
CFBREBSa117	0.557875	0.268333333	0.200833333	0.172	0.1685	0.165833333	0.27925	0.154375
CFBREBSa118	1.040125	0.2345	0.1755	0.162166667	0.16975	0.162833333	0.813125	0.154
CFBREBSa119	0.9375	0.8165	0.497833333	0.3385	0.286625	0.237833333	0.459875	0.1545
CFBREBSa121	0.48725	0.315	0.537333333	0.182833333	0.173	0.166333333	0.4415	0.157
CFBREBSa122	1.013125	0.169666667	0.511833333	0.1865	0.184125	0.169333333	0.90725	0.154625
CFBREBSa123	0.3775	0.387333333	0.611166667	0.21	0.206	0.19	0.384125	0.15825
CFBREBSa125	1.04025	0.3655	1.059	0.189	0.208875	0.1715	0.350875	0.15825
CFBREBSa126	0.167	0.208333333	0.828666667	0.199833333	0.2115	0.174333333	0.164125	0.174
CFBREBSa127	0.436625	0.356833333	0.695	0.314166667	0.261625	0.228	0.31175	0.158625
CFBREBSa129	0.28675	0.260666667	0.6345	0.182333333	0.187875	0.163166667	0.21825	0.1565
CFBREBSa130	0.301125	0.283333333	0.590833333	0.1775	0.19	0.1665	0.233625	0.156
CFBREBSa131	1.045375	0.855833333	0.232833333	0.257	0.4645	0.6005	0.88975	0.3295
CFBREBSa133	0.549875	0.307666667	0.779333333	0.170833333	0.173375	0.169333333	0.371125	0.15525
CFBREBSa135	0.2315	0.183833333	0.777	0.157666667	0.1615	0.159833333	0.172	0.155125
CFBREBSa138	0.3385	0.2785	0.785166667	0.200666667	0.186625	0.192833333	0.34875	0.174875
BCH-SA-01	0.390375	0.441333333	0.964	0.406833333	0.394125	0.382666667	0.3835	0.305
BCH-SA-02	0.385125	0.442666667	1.104166667	0.407333333	0.364875	0.397	0.379625	0.28125
BCH-SA-03	1.0255	0.794833333	0.223666667	0.321166667	0.409875	0.372666667	0.689625	0.244625
BCH-SA-04	0.22575	0.215	0.340166667	0.177166667	0.191875	0.166333333	0.18675	0.156875
BCH-SA-05	0.295875	0.426166667	0.4385	0.271	0.236125	0.242333333	0.35175	0.169625
BCH-SA-06	0.34825	0.611666667	0.271833333	0.241833333	0.277	0.305833333	0.36425	0.2825
BCH-SA-07	0.507375	0.322833333	0.248833333	0.178333333	0.169875	0.162333333	0.306125	0.15675
BCH-SA-08	1.114	0.219666667	0.739333333	0.1725	0.171625	0.1655	1.11225	0.161875
BCH-SA-09	1.089625	1.004333333	0.232833333	0.205833333	0.523625	0.616833333	0.963	0.52575
BCH-SA-10	0.163	0.175	0.6015	0.17	0.1695	0.170166667	0.1595	0.155375
BCH-SA-11	0.888125	0.837666667	0.251	0.224666667	0.381	0.4915	0.82475	0.171375
BCH-SA-12	0.198375	0.184666667	0.202833333	0.1705	0.17	0.167833333	0.196	0.1565
BCH-SA-13	0.82825	0.195833333	0.599833333	0.163666667	0.16075	0.1665	0.590875	0.158625
BCH-SA-14	1.153375	0.711666667	0.260666667	0.471	0.38975	0.374833333	0.830375	0.2885
BCH-SA-15	0.213375	0.205	0.674833333	0.159333333	0.16275	0.161833333	0.16625	0.15575
NY341	0.94125	0.356166667	0.40575	0.242166667	0.193875	0.236	0.627375	0.209
GA984	0.829375	0.574666667	0.32675	0.196166667	0.233375	0.211333333	0.79325	0.16275
GA15	0.8915	0.753166667	0.852	0.453333333	0.3365	0.363666667	0.66325	0.24375
GA231	0.84325	0.670166667	0.866125	0.378166667	0.294125	0.315333333	0.73025	0.2025
NY360	0.90225	0.698666667	0.7615	0.295833333	0.19575	0.219333333	0.478875	0.201875
MN055	0.898875	0.4895	0.790125	0.3895	0.334	0.363333333	0.77925	0.29575
NY439	1.047375	0.9145	0.455125	0.391333333	0.329125	0.265166667	0.900125	0.18425
SR1746	0.83175	0.342833333	0.2945	0.244833333	0.35575	0.342	0.515875	0.23275
SR2091	0.891	0.650666667	0.172125	0.279833333	0.281375	0.3085	0.466875	0.17425
SR3569	0.975375	0.2325	0.229875	0.164166667	0.161375	0.162	0.765375	0.156875
506	1.05225	0.339833333	0.327	0.1675	0.164875	0.162833333	0.922625	0.157875
SR4153	0.5725	0.306166667	0.443875	0.238	0.2235	0.2325	0.5505	0.174625
NY593	0.992625	0.231166667	0.234125	0.1605	0.16	0.1605	0.646875	0.178
NY224	0.621	0.4415	0.491125	0.378666667	0.30475	0.3115	0.577125	0.26725
120335	1.169875	0.4225	0.952625	0.188833333	0.1755	0.169	1.088125	0.160125
120337	1.147	0.433833333	1.012875	0.191833333	0.173625	0.171333333	1.08175	0.1605
407	1.03675	0.431666667	0.865125	0.211666667	0.17825	0.170666667	0.590875	0.161
Grady1	0.992875	0.2095	0.26225	0.1825	0.17675	0.164833333	0.441875	0.154875
107	0.971625	0.537	0.871375	0.214333333	0.194875	0.1695	0.814	0.158375
115	0.90275	0.630333333	0.803	0.517333333	0.440625	0.46	0.803875	0.310875
122VISA	0.9365	0.431166667	0.745375	0.182666667	0.171	0.1665	0.817875	0.15825
126	0.806375	0.547166667	0.57175	0.4055	0.278875	0.315833333	0.5695	0.166
217	0.9215	0.436666667	0.637125	0.1735	0.174375	0.162166667	0.526125	0.15775
221	0.51	0.366333333	0.6705	0.184	0.17625	0.186166667	0.351625	0.159375
312	0.958	0.9035	0.73125	0.528666667	0.411125	0.382833333	0.814875	0.159
109	0.591125	0.325833333	0.364375	0.3505	0.26525	0.3165	0.365125	0.157875
123	0.707	0.228333333	0.348375	0.207	0.1825	0.173333333	0.39825	0.158375
504	0.427625	0.3275	0.569375	0.218666667	0.1915	0.173333333	0.373875	0.161875
120338	1.112875	0.505833333	0.93675	0.348666667	0.270375	0.236333333	1.112875	0.205
SR220	0.369125	0.287666667	0.2215	0.200166667	0.181875	0.170333333	0.2755	0.15925
SR4152	0.905	0.449166667	0.803125	0.444666667	0.365375	0.348	0.868	0.23125
NY356	0.9285	0.437166667	0.875375	0.2615	0.243	0.228833333	0.9305	0.243625
NY417	0.897	0.455333333	0.255	0.193166667	0.18475	0.167333333	0.6025	0.16
SR3732	0.82875	0.335666667	0.805375	0.194166667	0.17275	0.1645	0.530875	0.157375
CA9	0.9975	0.585166667	0.253875	0.2975	0.295875	0.245333333	0.547875	0.179875
GA12	1.032125	0.518	0.875	0.190833333	0.191125	0.171166667	0.51075	0.159375
MN105	0.915625	0.512833333	0.207875	0.2075	0.1895	0.179833333	0.54725	0.1775
SR3777	1.08625	0.1915	0.184875	0.188166667	0.16775	0.164	0.894625	0.158375
SR4187	0.955125	0.330833333	0.873375	0.252	0.231	0.225333333	0.9265	0.163
120336	1.071375	0.405666667	0.476375	0.205333333	0.1845	0.180833333	1.07275	0.15975
SR3585	1.12525	0.429833333	0.215125	0.202333333	0.185875	0.1705	0.845625	0.233375
SR4035	0.85475	0.327666667	0.66325	0.203333333	0.179875	0.18	0.45725	0.158625
SR1287	0.758	0.361666667	0.2385	0.262	0.32675	0.327833333	0.258375	0.201
CA598	1.0495	0.417833333	0.334875	0.237333333	0.243375	0.183	0.721625	0.15975
CA545	0.999625	0.618333333	0.423875	0.300166667	0.21025	0.174833333	0.954875	0.25725
CA544	1.042125	0.433333333	0.366875	0.288166667	0.317125	0.233166667	0.929125	0.169875
CA436	1.085125	0.4005	0.923625	0.214833333	0.2115	0.193166667	1.085625	0.259875
CA39	1.05725	0.305833333	0.82225	0.166666667	0.1685	0.166833333	0.955625	0.162875
CA11	0.93175	0.539333333	0.810125	0.171	0.167125	0.165166667	0.631	0.156
CA105	0.615625	0.341	0.7775	0.204833333	0.1705	0.172	0.400125	0.161875
SR4156	1.0005	0.374833333	0.933875	0.314333333	0.261125	0.276666667	0.9395	0.167625
GA53617	0.972125	0.4365	0.6195	0.269166667	0.18775	0.182166667	0.50425	0.158625
GA50245	0.391	0.2925	0.2445	0.1795	0.183875	0.165166667	0.295125	0.158
GA53649	1.078125	0.304333333	0.40675	0.188	0.191875	0.170666667	1.0275	0.161625
834N	1.0795	0.217	0.17575	0.183333333	0.181875	0.164333333	0.95575	0.157125
EUH13	0.171375	0.226666667	0.90175	0.194666667	0.189625	0.172833333	0.16375	0.158625
CA541	0.89925	0.810833333	0.582875	0.632166667	0.574375	0.648	0.88975	0.652
CA26	0.44725	0.439666667	0.41375	0.302333333	0.2255	0.279833333	0.362	0.15625
GA51254	0.898	0.384666667	0.93125	0.426166667	0.2875	0.303166667	0.309625	0.1865
SR4155	1.071	0.3885	0.2075	0.167	0.17075	0.166166667	0.685125	0.157
SR1065	0.90125	0.213666667	0.340125	0.159333333	0.1575	0.159333333	0.847125	0.157
GA50819	0.79175	0.527666667	0.86375	0.1925	0.2455	0.206	0.57425	0.157125
EUH25	0.181125	0.203666667	0.737125	0.176	0.171625	0.1625	0.16025	0.155125
EUH15	0.941875	0.455166667	0.754625	0.215166667	0.190375	0.1805	0.6695	0.16075
GA27	0.97275	0.7845	0.845375	0.508833333	0.34325	0.3355	0.769875	0.215875
GA48963	0.418	0.305833333	0.89125	0.171333333	0.16775	0.169833333	0.412625	0.15825
SR1129	1.07575	0.341833333	0.95275	0.172	0.176375	0.1655	0.4615	0.15825
SR2609	0.772	0.301166667	0.989875	0.168333333	0.174125	0.165333333	0.542125	0.160125
SR2852	0.98675	0.514333333	0.763	0.548666667	0.35925	0.340833333	0.486625	0.154
