Strain	p11	p0006	p0017	p0017S	p002y	p003p	p0040	pyo
NRS001	2	1	2	1	1	1	1	1
NRS002	2	0	0	0	0	0	1	0
NRS003	2	1	1	0	0	0	1	0
NRS021	2	0	2	0	0	0	2	0
NRS022	2	1	1	1	0	0	0	0
NRS027	0	0	1	0	0	0	0	0
NRS029	2	0	1	0	0	0	1	0
NRS035	2	2	0	0	1	1	1	0
NRS036	1	0	1	0	0	0	1	0
NRS039	2	0	0	0	0	0	1	0
NRS049	1	1	1	0	0	0	0	0
NRS051	1	1	1	0	0	0	1	0
NRS052	2	1	2	0	0	0	1	0
NRS054	1	0	1	0	0	0	0	0
NRS063	2	2	1	1	0	0	1	1
NRS064	2	2	2	1	1	1	1	1
NRS070	1	1	2	0	0	0	1	0
NRS071	2	0	0	0	0	0	0	0
NRS072	1	0	1	0	0	0	0	0
NRS073	1	0	1	0	0	0	0	1
NRS074	1	0	1	0	0	0	1	1
NRS079	1	0	1	0	0	0	1	0
NRS100	1	0	1	0	0	0	0	0
NRS102	1	0	1	0	0	0	1	0
NRS103	2	1	1	0	1	0	2	0
NRS104	2	0	0	0	0	0	2	0
NRS105	2	1	0	0	0	0	1	1
NRS106	2	0	2	0	0	0	2	0
NRS107	1	0	0	0	0	0	1	1
NRS108	2	1	2	1	0	0	0	0
NRS109	2	2	0	1	2	1	1	2
NRS110	2	2	1	2	1	1	1	1
NRS111	2	0	2	0	0	0	2	1
NRS112	2	0	0	0	0	0	2	1
NRS113	2	2	0	0	0	0	1	0
NRS114	1	0	2	0	0	0	1	0
NRS119	2	0	2	0	0	0	0	0
NRS145	0	0	0	0	0	0	0	0
NRS148	2	2	0	0	2	2	2	2
NRS149	0	1	0	0	0	0	1	0
NRS152	2	1	2	1	0	0	0	1
NRS157	2	2	0	0	0	1	1	0
NRS161	2	1	2	0	0	0	2	0
NRS162	2	1	0	0	0	0	2	1
NRS164	2	0	2	0	0	0	2	0
NRS167	2	1	0	0	0	0	1	0
NRS168	2	2	0	0	1	1	1	1
NRS169	2	2	0	0	1	1	1	1
NRS170	2	0	0	0	0	0	2	0
NRS172	2	0	2	1	0	0	0	0
NRS174	2	0	1	0	0	0	2	1
NRS175	2	1	1	1	0	0	1	0
NRS177	2	0	1	0	0	0	2	1
NRS178	2	0	2	0	0	0	1	1
NRS180	2	2	1	0	1	1	2	0
NRS182	2	0	2	0	0	0	2	1
NRS183	2	0	2	0	0	0	2	1
NRS185	2	1	2	0	0	0	1	0
NRS187	2	2	0	0	1	1	1	1
NRS188	1	1	2	1	1	1	1	0
NRS189	2	0	1	0	0	0	1	0
NRS191	2	1	1	0	0	0	2	0
NRS192	2	0	0	0	0	0	0	0
NRS194	2	1	0	0	0	0	0	0
NRS196	2	0	2	0	0	0	2	0
NRS198	1	1	2	0	0	0	0	1
NRS199	2	0	2	0	0	0	2	0
NRS201	1	0	2	0	0	0	1	0
NRS202	1	0	2	0	0	0	0	0
NRS203	1	0	0	0	0	0	0	0
NRS204	1	0	2	0	0	0	0	0
NRS205	2	2	1	0	1	1	2	2
NRS207	2	0	2	0	0	0	2	0
NRS209	2	2	2	2	2	2	1	0
NRS210	2	0	2	0	0	0	2	0
NRS211	2	0	2	0	0	0	2	0
NRS212	2	0	1	0	0	0	2	0
NRS213	2	0	1	0	0	0	2	0
NRS214	1	0	2	0	0	0	1	0
NRS215	1	0	1	0	0	0	1	0
NRS216	2	2	1	0	1	1	2	0
NRS217	2	0	0	0	0	0	1	1
NRS218	2	1	2	1	1	1	1	0
NRS219	2	1	2	1	0	0	2	0
NRS220	2	1	2	0	0	0	2	0
NRS222	2	0	1	0	0	0	1	0
NRS223	2	1	2	0	0	0	2	0
NRS224	1	0	1	0	0	0	2	0
NRS225	2	0	2	0	0	0	2	0
NRS226	1	0	2	0	0	0	0	0
NRS227	2	1	0	0	0	0	1	0
NRS230	2	0	2	0	0	0	1	0
NRS231	2	0	1	0	0	0	1	1
NRS232	2	2	0	0	1	1	1	0
NRS233	2	0	1	0	0	0	2	0
NRS235	2	1	1	0	1	0	2	0
NRS236	2	1	0	0	0	0	1	1
NRS237	2	0	0	0	0	0	1	0
NRS239	2	0	0	0	0	0	1	0
NRS240	2	2	2	1	0	0	1	0
NRS241	2	2	0	1	1	0	1	0
NRS242	2	1	2	1	1	0	2	0
NRS243	1	0	1	0	0	0	1	0
NRS245	2	1	2	0	0	0	2	0
NRS246	2	2	1	1	0	0	2	0
NRS247	2	0	1	0	0	0	1	0
NRS248	2	1	0	0	0	0	1	0
NRS249	2	2	2	1	0	1	2	0
NRS252	2	1	1	0	0	0	1	1
NRS253	1	1	1	1	1	1	1	1
NRS254	2	1	2	1	0	0	0	0
NRS255	2	2	2	1	1	2	2	2
NRS256	2	1	0	0	0	0	1	0
NRS259	2	0	0	0	0	0	2	0
NRS260	2	2	0	1	1	0	2	1
NRS262	2	0	0	0	0	0	2	0
NRS264	2	1	1	0	0	0	2	0
NRS265	2	2	0	0	1	1	1	1
NRS266	2	2	1	0	1	1	2	1
NRS271	2	2	1	0	0	0	1	0
NRS272	2	1	1	0	0	0	2	0
NRS275	1	1	2	0	0	0	1	0
NRS383	2	1	2	1	0	0	1	1
NRS386	2	2	0	0	1	1	2	1
NRS387	2	2	2	1	1	1	2	1
NRS408	2	2	1	1	1	1	2	1
CFBRSa03	2	1	0	0	0	0	0	0
CFBRSa04	1	1	0	0	0	0	1	0
CFBRSa05	2	0	2	0	0	0	0	0
CFBRSa06	2	1	0	0	0	0	2	0
CFBRSa07	0	0	1	0	0	0	0	0
CFBRSa21	0	0	1	0	0	0	0	0
CFBRSa22	2	0	0	0	0	0	2	0
CFBRSa23	1	0	2	0	0	0	2	0
CFBRSa24	1	0	0	0	0	0	0	0
CFBRSa25	2	1	0	0	0	0	2	0
CFBRSa26	2	0	1	0	0	0	2	0
CFBRSa27	1	0	0	0	0	0	0	0
CFBRSa28	1	1	0	0	0	0	1	0
CFBRSa29	2	0	2	0	0	0	1	0
CFBRSa30	0	1	2	0	0	0	0	0
CFBRSa47	2	0	0	0	0	0	2	0
CFBRSa48	0	0	2	0	0	0	0	0
CFBRSa49	1	1	2	0	0	0	1	0
CFBRSa50	2	0	0	0	0	0	0	0
CFBRSa51	1	2	0	0	0	0	2	0
CFBRSa66A	2	0	0	0	0	0	0	0
CFBRSa66B	1	0	0	0	0	0	0	0
CFBRSa70	2	1	2	0	0	0	0	0
CFBRSa74	2	0	0	0	0	0	1	0
CFBREBSa101	2	0	1	0	0	0	2	0
CFBREBSa102	2	0	1	0	0	0	2	0
CFBREBSa103	2	0	1	0	0	0	2	0
CFBREBSa104	2	0	1	0	0	0	2	0
CFBREBSa105	1	0	0	0	0	0	0	0
CFBREBSa108	2	1	0	0	0	0	2	0
CFBREBSa110	2	1	0	0	0	0	2	0
CFBREBSa112	2	0	0	0	0	0	2	0
CFBREBSa114	2	1	1	0	0	0	2	0
CFBREBSa116	2	1	0	0	0	0	1	0
CFBREBSa117	1	0	0	0	0	0	0	0
CFBREBSa118	2	0	0	0	0	0	2	0
CFBREBSa119	2	2	1	0	0	0	1	0
CFBREBSa121	1	0	1	0	0	0	1	0
CFBREBSa122	2	0	1	0	0	0	2	0
CFBREBSa123	0	0	1	0	0	0	0	0
CFBREBSa125	2	0	2	0	0	0	0	0
CFBREBSa126	0	0	2	0	0	0	0	0
CFBREBSa127	1	0	1	0	0	0	0	0
CFBREBSa129	0	0	1	0	0	0	0	0
CFBREBSa130	0	0	1	0	0	0	0	0
CFBREBSa131	2	2	0	0	1	1	2	0
CFBREBSa133	1	0	2	0	0	0	0	0
CFBREBSa135	0	0	2	0	0	0	0	0
CFBREBSa138	0	0	2	0	0	0	0	0
BCH-SA-01	0	1	2	1	0	0	0	0
BCH-SA-02	0	1	2	1	0	0	0	0
BCH-SA-03	2	2	0	0	1	0	1	0
BCH-SA-04	0	0	0	0	0	0	0	0
BCH-SA-05	0	1	1	0	0	0	0	0
BCH-SA-06	0	1	0	0	0	0	0	0
BCH-SA-07	1	0	0	0	0	0	0	0
BCH-SA-08	2	0	2	0	0	0	2	0
BCH-SA-09	2	2	0	0	1	1	2	1
BCH-SA-10	0	0	1	0	0	0	0	0
BCH-SA-11	2	2	0	0	0	1	2	0
BCH-SA-12	0	0	0	0	0	0	0	0
BCH-SA-13	2	0	1	0	0	0	1	0
BCH-SA-14	2	2	0	1	0	0	2	0
BCH-SA-15	0	0	1	0	0	0	0	0
NY341	2	0	1	0	0	0	1	0
GA984	2	1	0	0	0	0	2	0
GA15	2	2	2	1	0	0	1	0
GA231	2	1	2	0	0	0	2	0
NY360	2	1	2	0	0	0	1	0
MN055	2	1	2	0	0	0	2	0
NY439	2	2	1	0	0	0	2	0
SR1746	2	0	0	0	0	0	1	0
SR2091	2	1	0	0	0	0	1	0
SR3569	2	0	0	0	0	0	2	0
506	2	0	0	0	0	0	2	0
SR4153	1	0	1	0	0	0	1	0
NY593	2	0	0	0	0	0	1	0
NY224	1	1	1	0	0	0	1	0
120335	2	1	2	0	0	0	2	0
120337	2	1	2	0	0	0	2	0
407	2	1	2	0	0	0	1	0
Grady1	2	0	0	0	0	0	1	0
107	2	1	2	0	0	0	2	0
115	2	1	2	1	1	1	2	0
122VISA	2	1	2	0	0	0	2	0
126	2	1	1	1	0	0	1	0
217	2	1	1	0	0	0	1	0
221	1	0	1	0	0	0	0	0
312	2	2	2	1	1	0	2	0
109	1	0	0	0	0	0	0	0
123	2	0	0	0	0	0	0	0
504	1	0	1	0	0	0	0	0
120338	2	1	2	0	0	0	2	0
SR220	0	0	0	0	0	0	0	0
SR4152	2	1	2	1	0	0	2	0
NY356	2	1	2	0	0	0	2	0
NY417	2	1	0	0	0	0	1	0
SR3732	2	0	2	0	0	0	1	0
CA9	2	1	0	0	0	0	1	0
GA12	2	1	2	0	0	0	1	0
MN105	2	1	0	0	0	0	1	0
SR3777	2	0	0	0	0	0	2	0
SR4187	2	0	2	0	0	0	2	0
120336	2	1	1	0	0	0	2	0
SR3585	2	1	0	0	0	0	2	0
SR4035	2	0	1	0	0	0	1	0
SR1287	2	0	0	0	0	0	0	0
CA598	2	1	0	0	0	0	2	0
CA545	2	1	1	0	0	0	2	0
CA544	2	1	0	0	0	0	2	0
CA436	2	1	2	0	0	0	2	0
CA39	2	0	2	0	0	0	2	0
CA11	2	1	2	0	0	0	1	0
CA105	1	0	2	0	0	0	1	0
SR4156	2	0	2	0	0	0	2	0
GA53617	2	1	1	0	0	0	1	0
GA50245	0	0	0	0	0	0	0	0
GA53649	2	0	1	0	0	0	2	0
834N	2	0	0	0	0	0	2	0
EUH13	0	0	2	0	0	0	0	0
CA541	2	2	1	1	1	1	2	1
CA26	1	1	1	0	0	0	0	0
GA51254	2	0	2	1	0	0	0	0
SR4155	2	0	0	0	0	0	1	0
SR1065	2	0	0	0	0	0	2	0
GA50819	2	1	2	0	0	0	1	0
EUH25	0	0	2	0	0	0	0	0
EUH15	2	1	2	0	0	0	1	0
GA27	2	2	2	1	0	0	2	0
GA48963	1	0	2	0	0	0	1	0
SR1129	2	0	2	0	0	0	1	0
SR2609	2	0	2	0	0	0	1	0
SR2852	2	1	2	1	0	0	1	0
