ST	CC
1	1
2	30
3	1
4	45
5	5
6	5
7	0
8	8
9	1
10	0
11	5
12	0
13	0
14	15
15	15
16	15
17	30
18	15
19	30
20	0
21	22
22	22
23	22
24	30
25	0
26	0
27	8
28	0
29	0
30	30
31	30
32	30
33	30
34	30
35	15
36	30
37	30
38	30
39	30
40	30
41	30
42	0
43	30
44	22
45	45
46	45
47	45
48	45
49	0
50	0
51	0
52	30
53	45
54	45
55	0
56	15
57	30
58	15
59	0
60	22
61	15
62	0
63	1
64	0
65	0
66	0
67	0
68	0
69	1
70	97
71	97
72	8
73	5
74	30
75	0
76	1
77	30
78	0
79	22
80	0
81	1
82	0
83	5
84	0
85	5
86	8
87	0
88	0
89	0
90	5
91	0
92	0
93	0
94	8
95	0
96	0
97	97
98	5
99	5
100	5
101	0
102	0
103	0
104	0
105	5
106	0
107	0
108	45
109	1
110	8
111	5
112	8
113	8
114	5
115	97
116	97
117	97
118	97
119	97
120	0
121	0
122	45
123	0
124	97
125	5
126	97
127	97
128	8
129	0
130	0
131	0
132	0
133	0
134	22
135	5
136	0
137	22
138	0
139	0
140	0
141	8
142	5
143	5
144	0
145	0
146	5
147	1
148	5
149	5
150	0
151	0
152	0
153	0
154	0
155	8
156	0
157	8
158	8
159	1
160	0
161	8
162	8
163	0
164	8
165	0
166	0
167	45
168	1
169	15
170	45
171	15
172	0
173	8
174	8
175	22
176	8
177	0
178	15
179	5
180	5
181	0
182	0
183	0
184	0
185	0
186	0
187	8
188	1
189	30
190	0
191	0
192	5
193	0
194	5
195	8
196	30
197	0
198	45
199	15
200	30
201	0
202	0
203	1
204	97
205	97
206	8
207	0
208	0
209	22
210	30
211	45
212	1
213	0
214	5
215	0
216	8
217	22
218	22
219	8
220	8
221	5
222	0
223	0
224	15
225	5
226	0
227	0
228	5
229	22
230	8
231	5
232	8
233	0
234	30
235	5
236	22
237	30
238	8
239	8
240	8
241	8
242	8
243	30
244	22
245	5
246	8
247	8
248	5
249	5
250	8
251	22
252	30
253	5
254	8
255	0
256	45
257	0
258	0
259	97
260	15
261	1
262	0
263	15
264	1
265	0
266	5
267	5
268	5
269	5
270	5
271	5
272	5
273	5
274	5
275	5
276	5
277	5
278	45
279	45
280	45
281	30
282	30
283	30
284	30
285	30
286	97
287	8
288	8
289	97
290	0
291	0
292	1
293	97
294	1
295	5
296	1
297	0
298	45
299	45
300	0
301	0
302	0
303	30
304	30
305	30
306	5
307	5
308	5
309	5
310	97
311	30
312	0
313	30
314	30
315	30
316	30
317	0
318	1
319	45
320	45
321	45
322	45
323	45
324	0
325	5
326	5
327	15
328	5
329	0
330	0
331	0
332	15
333	15
334	45
335	5
336	8
337	22
338	0
339	1
340	8
341	45
342	45
343	8
344	8
345	8
346	30
347	97
348	0
349	1
350	0
351	0
352	97
353	0
354	0
355	97
356	0
357	97
358	97
359	0
360	30
361	0
362	8
363	1
364	5
365	8
366	5
367	5
368	8
369	0
370	8
371	5
372	8
373	5
374	5
375	0
376	0
377	45
378	30
379	0
380	8
381	5
382	30
383	8
384	97
385	0
386	0
387	97
388	0
389	0
390	1
391	45
392	30
393	5
394	0
395	0
396	45
397	0
398	0
399	0
400	1
401	1
402	1
403	5
404	5
405	97
406	0
407	8
408	97
409	0
410	0
411	45
412	97
413	97
414	0
415	0
416	0
417	0
418	0
419	0
420	0
421	0
422	97
423	97
424	97
425	0
426	0
427	0
428	8
429	0
430	45
431	30
432	1
433	30
434	30
435	30
436	30
437	97
438	5
439	0
440	0
441	30
442	30
443	30
444	8
445	5
446	0
447	0
448	0
449	8
450	8
451	8
452	30
453	15
454	30
455	45
456	5
457	30
458	97
459	0
460	1
461	5
462	5
463	0
464	97
465	15
466	0
467	5
468	1
469	15
470	45
471	5
472	0
473	5
474	1
475	1
476	8
477	1
478	0
479	0
480	0
481	0
482	0
483	0
484	30
485	15
486	0
487	5
488	0
489	0
490	0
491	30
492	5
493	1
494	8
495	22
496	5
497	45
498	22
499	8
500	30
501	8
502	97
503	30
504	0
505	0
506	1
507	8
508	45
509	0
510	8
511	8
512	5
513	0
514	1
515	5
516	1
517	8
518	5
519	8
520	0
521	0
522	0
523	1
524	22
525	8
526	5
527	8
528	8
529	5
530	0
531	0
532	8
533	30
534	45
535	30
536	45
537	0
538	97
539	30
540	0
541	0
542	30
543	30
544	0
545	0
546	45
547	5
548	8
549	5
550	1
551	15
552	8
553	5
554	5
555	0
556	30
557	30
558	30
559	0
560	30
561	0
562	45
563	8
564	0
565	45
566	0
567	1
568	0
569	8
570	5
571	8
572	8
573	1
574	0
575	5
576	8
577	0
578	0
579	30
580	0
581	0
582	15
583	0
584	1
585	8
586	8
587	5
588	45
589	0
590	97
591	30
592	8
593	0
594	8
595	45
596	30
597	5
598	30
599	0
600	8
601	0
602	0
603	30
604	0
605	30
606	22
607	30
608	45
609	8
610	1
611	0
612	8
613	8
614	8
615	0
616	22
617	45
618	0
619	8
620	15
621	0
622	22
623	8
624	8
625	45
626	8
627	5
628	5
629	0
630	8
631	8
632	5
633	5
634	5
635	0
636	22
637	8
638	15
639	8
640	45
641	5
642	30
643	0
644	8
645	15
646	8
647	30
648	30
649	0
650	5
651	0
652	0
653	8
654	5
655	30
656	45
657	0
658	0
659	0
660	8
661	0
662	8
663	1
664	8
665	0
666	0
667	30
668	1
669	97
670	8
671	1
672	0
673	8
674	8
675	5
676	5
677	30
678	5
679	5
680	0
681	0
682	45
683	8
684	8
685	8
686	22
687	0
688	0
689	0
690	0
691	15
692	0
693	97
694	97
695	0
696	0
697	97
698	0
699	0
700	0
701	0
702	0
703	0
704	30
705	0
706	1
707	0
708	5
709	97
710	5
711	0
712	0
713	30
714	30
715	30
716	8
717	0
718	0
719	8
720	0
721	1
722	30
723	1
724	8
725	0
726	1
727	0
728	0
729	8
730	5
731	30
732	0
733	0
734	8
735	45
736	5
737	22
738	8
739	0
740	30
741	0
742	97
743	1
744	5
745	0
746	97
747	97
748	1
749	0
750	0
751	1
752	0
753	0
754	0
755	45
756	30
757	8
758	1
759	8
760	1
761	1
762	1
763	5
764	5
765	30
766	22
767	0
768	8
769	1
770	8
771	0
772	1
773	0
774	1
775	0
776	30
777	0
778	8
779	0
780	30
781	0
782	8
783	5
784	8
785	0
786	0
787	5
788	5
789	8
790	5
791	45
792	45
793	1
794	45
795	15
796	15
797	8
798	0
799	0
800	0
801	5
802	15
803	45
804	0
805	1
806	30
807	30
808	30
809	0
810	0
811	30
812	0
813	0
814	0
815	97
816	0
817	30
818	15
819	30
820	45
821	30
822	0
823	5
824	8
825	0
826	5
827	30
828	8
829	1
830	8
831	8
832	15
833	1
834	1
835	5
836	8
837	0
838	5
839	22
840	5
841	1
842	97
843	97
844	8
845	15
846	0
847	0
848	1
849	0
850	0
851	1
852	1
853	8
854	22
855	30
856	22
857	0
858	8
859	0
860	5
861	8
862	5
863	5
864	5
865	8
866	5
867	22
868	5
869	15
870	8
871	15
872	1
873	0
874	5
875	0
876	0
877	30
878	30
879	8
880	0
881	8
882	45
883	0
884	1
885	8
886	30
887	45
888	0
889	8
890	0
891	1
892	5
893	15
894	0
895	30
896	22
897	22
898	15
899	30
900	8
901	0
902	22
903	8
904	0
905	0
906	15
907	30
908	15
909	5
910	30
911	5
912	0
913	0
914	1
915	5
916	0
917	0
918	0
919	0
920	5
921	5
922	0
923	8
924	45
925	0
926	5
927	22
928	22
929	45
930	5
931	30
932	5
933	30
934	0
935	5
936	0
937	0
938	30
939	0
940	0
941	15
942	0
943	0
944	0
945	0
946	0
947	0
948	5
949	5
950	5
951	0
952	0
953	97
954	22
955	0
956	30
957	22
958	30
959	15
960	8
961	45
962	30
963	15
964	0
965	5
966	0
967	0
968	0
969	0
970	22
971	0
972	45
973	0
974	0
975	30
976	8
977	30
978	0
979	5
980	8
981	0
982	30
983	8
984	8
985	8
986	5
987	97
988	0
989	30
990	0
991	30
992	30
993	1
994	0
995	8
996	8
997	0
998	5
999	8
1000	0
1001	30
1002	15
1003	15
1004	0
1005	1
1006	0
1007	0
1008	0
1009	8
1010	0
1011	5
1012	0
1013	8
1014	8
1015	1
1016	45
1017	45
1018	5
1019	0
1020	0
1021	0
1022	0
1023	45
1024	30
1025	45
1026	30
1027	0
1028	0
1029	0
1030	0
1031	15
1032	45
1033	0
1034	0
1035	0
1036	15
1037	22
1038	15
1039	1
1040	45
1041	30
1042	0
1043	0
1044	5
1045	45
1046	0
1047	1
1048	0
1049	30
1050	0
1051	22
1052	45
1053	30
1054	1
1055	30
1056	0
1057	30
1058	45
1059	30
1060	97
1061	15
1062	30
1063	45
1064	0
1065	8
1066	8
1067	0
1068	0
1069	0
1070	1
1071	30
1072	97
1073	0
1074	0
1075	0
1076	0
1077	97
1078	0
1079	97
1080	22
1081	45
1082	22
1083	30
1084	30
1085	0
1086	0
1087	45
1088	0
1089	1
1090	0
1091	45
1092	0
1093	0
1094	0
1095	22
1096	45
1097	8
1098	1
1099	5
1100	5
1101	30
1102	30
1103	30
1104	30
1105	8
1106	1
1107	30
1108	0
1109	0
1110	0
1111	5
1112	0
1113	5
1114	30
1115	1
1116	8
1117	22
1118	0
1119	97
1120	45
1121	1
1122	0
1123	0
1124	0
1125	97
1126	97
1127	97
1128	97
1129	97
1130	0
1131	30
1132	22
1133	45
1134	0
1135	1
1136	1
1137	22
1138	22
1139	22
1140	0
1141	1
1142	0
1143	15
1144	0
1145	0
1146	0
1147	30
1148	5
1149	0
1150	8
1151	0
1152	8
1153	97
1154	1
1155	0
1156	0
1157	5
1158	30
1159	8
1160	15
1161	30
1162	0
1163	30
1164	5
1165	45
1166	30
1167	45
1168	30
1169	45
1170	0
1171	30
1172	0
1173	8
1174	97
1175	0
1176	5
1177	8
1178	5
1179	97
1180	22
1181	8
1182	1
1183	8
1184	5
1185	15
1186	5
1187	5
1188	8
1189	8
1190	8
1191	1
1192	0
1193	1
1194	1
1195	0
1196	0
1197	0
1198	0
1199	0
1200	1
1201	0
1202	0
1203	30
1204	5
1205	0
1206	1
1207	1
1208	8
1209	0
1210	0
1211	45
1212	45
1213	0
1214	1
1215	0
1216	0
1217	0
1218	1
1219	0
1220	1
1221	8
1222	0
1223	0
1224	0
1225	8
1226	0
1227	8
1228	8
1229	8
1230	0
1231	97
1232	0
1233	0
1234	0
1235	1
1236	1
1237	8
1238	8
1239	8
1240	8
1241	0
1242	45
1243	0
1244	0
1245	0
1246	0
1247	0
1248	0
1249	0
1250	0
1251	0
1252	8
1253	8
1254	0
1255	8
1256	1
1257	8
1258	1
1259	5
1260	0
1261	1
1262	30
1263	30
1264	0
1265	1
1266	45
1267	1
1268	0
1269	8
1270	0
1271	0
1272	30
1273	0
1274	0
1275	0
1276	0
1277	0
1278	1
1279	1
1280	0
1281	0
1282	8
1283	8
1284	0
1285	8
1286	0
1287	0
1288	0
1289	0
1290	1
1291	0
1292	1
1293	0
1294	8
1295	0
1296	8
1297	1
1298	30
1299	0
1300	0
1301	0
1302	0
1303	0
1304	0
1305	8
1306	0
1307	5
1308	8
1309	8
1310	8
1311	0
1312	8
1313	15
1314	0
1315	0
1316	0
1317	5
1318	0
1319	45
1320	30
1321	30
1322	45
1323	0
1324	8
1325	5
1326	22
1327	22
1328	1
1329	8
1330	45
1331	0
1332	1
1333	30
1334	8
1335	30
1336	1
1337	8
1338	8
1339	1
1340	5
1341	8
1342	5
1343	0
1344	0
1345	0
1346	5
1347	0
1348	5
1349	0
1350	5
1351	8
1352	5
1353	8
1354	0
1355	30
1356	97
1357	8
1358	0
1359	0
1360	0
1361	0
1362	5
1363	0
1364	0
1365	0
1366	97
1367	97
1368	0
1369	0
1370	0
1371	0
1372	0
1373	0
1374	8
1375	0
1376	1
1377	45
1378	15
1379	97
1380	0
1381	8
1382	8
1383	0
1384	0
1385	0
1386	30
1387	30
1388	45
1389	0
1390	30
1391	0
1392	30
1393	45
1394	45
1395	0
1396	1
1397	8
1398	5
1399	0
1400	0
1401	8
1402	1
1403	15
1404	8
1405	8
1406	30
1407	0
1408	30
1409	5
1410	0
1411	8
1412	45
1413	0
1414	22
1415	30
1416	5
1417	45
1418	0
1419	97
1420	0
1421	0
1422	30
1423	0
1424	8
1425	8
1426	8
1427	5
1428	8
1429	5
1430	8
1431	0
1432	45
1433	0
1434	0
1435	5
1436	30
1437	30
1438	30
1439	30
1440	0
1441	8
1442	0
1443	0
1444	45
1445	15
1446	22
1447	5
1448	30
1449	0
1450	0
1451	1
1452	22
1453	0
1454	5
1455	0
1456	30
1457	5
1458	0
1459	0
1460	0
1461	0
1462	1
1463	8
1464	0
1465	8
1466	0
1467	0
1468	0
1469	0
1470	0
1471	0
1472	30
1473	22
1474	1
1475	30
1476	30
1477	15
1478	30
1479	15
1480	5
1481	0
1482	30
1483	5
1484	30
1485	0
1486	15
1487	30
1488	0
1489	5
1490	8
1491	15
1492	0
1493	8
1494	22
1495	5
1496	1
1497	8
1498	8
1499	8
1500	0
1501	0
1502	0
1503	97
1504	1
1505	1
1506	0
1507	5
1508	8
1509	1
1510	5
1511	30
1512	0
1513	15
1514	15
1515	45
1516	8
1517	8
1518	0
1519	1
1520	0
1521	0
1522	0
1523	0
1524	5
1525	0
1526	0
1527	97
1528	8
1529	8
1530	30
1531	8
1532	45
1533	1
1534	30
1535	15
1536	30
1537	5
1538	30
1539	22
1540	8
1541	0
1542	8
1543	0
1544	5
1545	8
1546	0
1547	0
1548	8
1549	1
1550	5
1551	5
1552	0
1553	45
1554	45
1555	0
1556	5
1557	0
1558	97
1559	1
1560	45
1561	5
1562	0
1563	22
1564	30
1565	30
1566	1
1567	30
1568	5
1569	1
1570	0
1571	0
1572	5
1573	1
1574	0
1575	1
1576	0
1577	0
1578	0
1579	5
1580	30
1581	0
1582	22
1583	0
1584	22
1585	97
1586	22
1587	45
1588	22
1589	22
1590	22
1591	15
1592	5
1593	0
1594	0
1595	0
1596	30
1597	30
1598	0
1599	0
1600	15
1601	30
1602	45
1603	0
1604	0
1605	8
1606	97
1607	97
1608	0
1609	5
1610	0
1611	0
1612	15
1613	5
1614	0
1615	97
1616	0
1617	0
1618	5
1619	5
1620	30
1621	30
1622	5
1623	97
1624	97
1625	0
1626	0
1627	0
1628	0
1629	0
1630	15
1631	5
1632	1
1633	0
1634	8
1635	5
1636	8
1637	5
1638	0
1639	0
1640	0
1641	0
1642	22
1643	0
1644	5
1645	22
1646	0
1647	45
1648	0
1649	5
1650	8
1651	0
1652	8
1653	0
1654	0
1655	1
1656	5
1657	30
1658	30
1659	15
1660	0
1661	30
1662	0
1663	45
1664	45
1665	45
1666	45
1667	0
1668	45
1669	0
1670	45
1671	5
1672	5
1673	0
1674	0
1675	45
1676	8
1677	0
1678	1
1679	0
1680	1
1681	15
1682	0
1683	45
1684	0
1685	0
1686	0
1687	97
1688	5
1689	0
1690	0
1691	0
1692	0
1693	0
1694	30
1695	0
1696	45
1697	0
1698	15
1699	0
1700	0
1701	8
1702	30
1703	0
1704	30
1705	30
1706	45
1707	0
1708	30
1709	0
1710	30
1711	30
1712	0
1713	1
1714	5
1715	1
1716	30
1717	5
1718	15
1719	0
1720	30
1721	45
1722	45
1723	0
1724	1
1725	0
1726	0
1727	0
1728	5
1729	0
1730	5
1731	30
1732	0
1733	22
1734	30
1735	1
1736	0
1737	30
1738	0
1739	0
1740	0
1741	0
1742	0
1743	0
1744	0
1745	45
1746	0
1747	5
1748	30
1749	8
1750	8
1751	0
1752	30
1753	15
1754	0
1755	0
1756	5
1757	8
1758	0
1759	8
1760	0
1761	0
1762	0
1763	0
1764	0
1765	0
1766	0
1767	15
1768	0
1769	8
1770	8
1771	5
1772	45
1773	5
1774	1
1775	30
1776	5
1777	30
1778	0
1779	0
1780	0
1781	0
1782	0
1783	1
1784	22
1785	5
1786	0
1787	45
1788	5
1789	45
1790	5
1791	5
1792	8
1793	0
1794	1
1795	45
1796	97
1797	8
1798	30
1799	30
1800	22
1801	8
1802	22
1803	8
1808	8
1809	5
1810	0
1811	45
1812	8
1813	8
1814	1
1815	1
1816	45
1817	0
1818	0
1819	8
1820	0
1821	8
1822	0
1823	8
1824	0
1825	8
1826	45
1827	5
1828	8
1829	30
1830	5
1831	0
1832	1
1833	30
1834	30
1835	1
1836	0
1837	5
1838	0
1839	22
1840	30
1841	0
1842	30
1843	0
1844	0
1845	0
1846	8
1847	1
1848	0
1849	8
1850	0
1851	0
1852	0
1853	0
1854	0
1855	0
1856	1
1857	0
1858	0
1859	97
1860	5
1861	0
1862	5
1863	5
1864	5
1865	30
1866	5
1867	15
1868	0
1869	8
1870	30
1871	45
1872	0
1873	0
1874	0
1875	5
1876	15
1877	45
1878	45
1879	30
1880	0
1881	45
1882	15
1883	45
1884	30
1885	30
1886	15
1887	0
1888	30
1889	30
1890	30
1891	45
1892	45
1893	15
1894	5
1895	30
1896	45
1897	45
1898	15
1899	0
1900	1
1901	30
1902	30
1903	5
1904	15
1905	15
1906	15
1907	0
1908	1
1909	1
1910	5
1911	22
1912	0
1913	22
1914	45
1915	15
1916	1
1917	1
1918	1
1919	1
1920	1
1921	0
1922	0
1923	8
1924	8
1925	0
1926	8
1927	0
1928	0
1929	0
1930	0
1931	0
1932	1
1933	5
1934	97
1935	22
1936	0
1937	0
1938	45
1939	8
1940	0
1941	1
1942	30
1943	0
1944	0
1945	0
1946	0
1947	22
1948	97
1949	1
1950	0
1951	0
1952	0
1953	0
1954	0
1955	22
1956	0
1957	0
1958	8
1959	0
1960	0
1961	45
1962	0
1963	0
1964	0
1965	0
1966	0
1967	0
1968	0
1969	0
1970	45
1971	8
1972	15
1973	0
1974	1
1975	97
1976	15
1977	15
1978	0
1979	0
1980	15
1981	15
1982	5
1983	45
1984	15
1985	0
1986	8
1987	0
1988	45
1989	97
1990	15
1991	8
1992	0
1993	5
1994	5
1995	0
1996	0
1997	15
1998	5
1999	97
2000	5
2001	15
2002	5
2003	5
2004	15
2005	0
2006	0
2007	0
2008	0
2009	0
2010	97
2011	0
2012	0
2013	5
2014	8
2015	8
2016	0
2017	8
2018	5
2019	0
2020	5
2021	8
2022	0
2023	0
2024	0
2025	45
2026	5
2027	0
2028	8
2029	0
2030	0
2031	22
2032	45
2033	0
2034	30
2035	45
2036	5
2037	22
2038	22
2039	1
2040	5
2041	0
2042	30
2043	0
2044	0
2045	5
2046	22
2047	30
2048	0
2049	0
2050	8
2051	45
2052	30
2053	0
2054	5
2055	5
2056	0
2057	0
2058	0
2059	0
2060	5
2061	97
2062	8
2063	8
2064	5
2065	30
2066	0
2067	0
2068	0
2069	30
2070	5
2071	0
2072	0
2073	0
2074	0
2075	30
2076	1
2077	1
2078	0
2079	0
2080	30
2081	0
2082	30
2083	8
2084	8
2085	97
2086	5
2087	1
2088	5
2089	1
2090	45
2091	0
2092	5
2093	45
2094	0
2095	8
2096	0
2097	0
2098	45
2099	45
2100	45
2101	22
2102	30
2103	0
2104	0
2105	0
2106	0
2107	0
2108	0
2109	0
2110	0
2111	0
2112	5
2113	0
2114	5
2115	5
2116	0
2117	0
2118	45
2119	0
2120	0
2121	30
2122	5
2123	8
2124	22
2125	1
2126	15
2127	0
2128	1
2129	1
2130	8
2131	45
2132	8
2133	8
2134	45
2135	5
2136	8
2137	15
2138	0
2139	1
2140	0
2141	0
2142	0
2143	1
2144	5
2145	15
2146	0
2147	0
2148	0
2149	8
2150	0
2151	0
2152	0
2153	30
2154	1
2155	0
2156	5
2157	15
2158	0
2159	0
2160	0
2161	8
2162	0
2163	15
2164	0
2165	97
2166	0
2167	0
2168	97
2169	0
2170	0
2171	0
2172	30
2173	0
2174	0
2175	30
2176	8
2177	0
2178	30
2179	0
2180	1
2181	22
2182	97
2183	0
2184	8
2185	0
2186	0
2187	97
2188	8
2189	97
2190	97
2191	97
2192	0
2193	30
2194	0
2195	15
2196	0
2197	0
2198	0
2199	0
2200	8
2201	1
2202	0
2203	0
2204	97
2205	8
2206	0
2207	0
2208	0
2209	0
2210	0
2211	5
2212	5
2213	0
2214	0
2215	8
2216	0
2217	5
2218	0
2219	97
2220	30
2221	0
2222	15
2223	8
2224	0
2225	0
2226	5
2227	30
2228	45
2229	5
2230	30
2231	45
2232	8
2233	0
2234	0
2235	8
2236	5
2237	97
2238	0
2239	5
2240	0
2241	30
2242	45
2243	45
2244	0
2245	0
2246	8
2247	8
2248	8
2249	45
2250	0
2251	0
2252	1
2253	8
2254	8
2255	15
2256	30
2257	22
2258	0
2259	0
2260	0
2261	0
2262	0
2263	5
2264	0
2265	45
2266	8
2267	30
2268	0
2269	5
2270	0
2271	1
2272	0
2273	0
2274	22
2275	8
2276	0
2277	0
2278	1
2279	0
2280	8
2281	0
2282	0
2283	0
2284	0
2285	45
2286	22
2287	15
2288	0
2289	0
2290	0
2291	8
2292	8
2293	8
2294	0
2295	0
2296	0
2297	30
2298	0
2299	0
2300	8
2301	1
2302	0
2303	15
2304	5
2305	0
2306	0
2307	0
2308	0
2309	8
2310	1
2311	0
2312	1
2313	5
2314	8
2315	1
2316	45
2317	0
2318	0
2319	8
2320	30
2321	15
2322	8
2323	8
2324	45
2325	8
2326	5
2327	0
2328	0
2329	0
2330	0
2331	30
2332	5
2333	15
2334	5
2335	0
2336	0
2337	1
2338	0
2339	8
2340	0
2341	8
2342	5
2343	1
2344	8
2345	0
2346	8
2347	8
2348	0
2349	45
2350	1
2351	0
2352	0
2353	0
2354	8
2355	1
2356	30
2357	5
2358	0
2359	8
2360	97
2361	0
2362	97
2363	0
2364	0
2365	8
2366	1
2367	0
2368	0
2369	30
2370	0
2371	22
2372	15
2373	8
2374	30
2375	5
2376	8
2377	0
2378	30
2379	97
2380	0
2381	5
2382	1
2383	1
2384	8
2385	30
2386	30
2387	0
2388	30
2389	5
2390	0
2391	8
2392	0
2393	1
2394	5
2395	0
2396	45
2397	0
2398	45
2399	1
2400	8
2401	1
2402	0
2403	8
2404	15
2405	0
2406	8
2407	8
2408	8
2409	8
2410	0
2411	5
2412	8
2413	0
2414	45
2415	8
2416	8
2417	8
2418	1
2419	0
2420	0
2421	30
2422	0
2423	1
2424	0
2425	0
2426	30
2427	8
2428	30
2429	0
2430	0
2431	0
2432	0
2433	0
2434	15
2435	0
2436	97
2437	5
2438	0
2439	0
2440	8
2441	15
2442	30
2443	45
2444	30
2445	15
2446	45
2447	45
2448	0
2449	0
2450	30
2451	8
2452	5
2453	97
2454	8
2455	8
2456	0
2457	97
2458	0
2459	97
2460	0
2461	0
2462	0
2463	0
2464	0
2465	0
2466	0
2467	0
2468	30
2469	5
2470	0
2471	8
2472	0
2473	0
2474	0
2475	0
2476	0
2477	0
2478	0
2479	0
2480	45
2481	0
2482	0
2483	0
2484	5
2485	0
2486	0
2487	0
2488	0
2489	0
2490	0
2491	0
2492	45
2493	1
2494	0
2495	45
2496	0
2497	0
2498	45
2499	22
2500	0
2501	1
2502	15
2503	0
2504	0
2505	0
2506	0
2507	8
2508	0
2509	45
2510	5
2511	8
2512	22
2513	5
2514	5
2515	8
2516	8
2517	5
2518	1
2519	97
2520	97
2521	97
2522	8
2523	0
2524	0
2525	5
2526	0
2527	0
2528	0
2529	0
2530	0
2531	0
2532	0
2533	0
2534	0
2535	45
2536	30
2537	45
2538	5
2539	5
2540	45
2541	0
2542	0
2543	0
2544	8
2545	5
2546	45
2547	0
2548	45
2549	45
2550	0
2551	0
2552	0
2553	45
2554	8
2555	8
2556	0
2557	0
2558	8
2559	0
2560	8
2561	45
2562	5
2563	0
2564	0
2565	0
2566	0
2567	0
2568	0
2569	0
2570	0
2571	8
2572	1
2573	0
2574	0
2575	0
2576	0
2577	0
2578	0
2579	0
2580	30
2581	5
2582	8
2583	1
2584	0
2585	5
2586	8
2587	8
2588	8
2589	8
2590	5
2591	0
2592	1
2593	1
2594	5
2595	30
2596	0
2597	97
2598	30
2599	5
2600	45
2601	0
2602	0
2603	0
2604	8
2605	5
2606	45
2607	5
2608	5
2609	8
2610	0
2611	5
2612	30
2613	5
2614	0
2615	5
2616	0
2617	0
2618	0
2619	30
2620	0
2621	0
2622	1
2623	8
2624	1
2625	5
2626	5
2627	5
2628	5
2629	5
2630	0
2631	0
2632	0
2633	5
2634	0
2635	1
2636	22
2637	0
2638	30
2639	0
2640	0
2641	0
2642	8
2643	8
2644	0
2645	8
2646	8
2647	0
2648	1
2649	30
2650	8
2651	8
2652	45
2653	5
2654	5
2655	45
2656	8
2657	0
2658	0
2659	5
2660	8
2661	5
2662	0
2663	0
2664	97
2665	30
2666	15
2667	30
2668	97
2669	0
2670	5
2671	0
2672	97
2673	0
2674	5
2675	0
2676	0
2677	0
2678	0
2679	0
2680	30
2681	45
2682	0
2683	0
2684	0
2685	45
2686	5
2687	1
2688	0
2689	5
2690	5
2691	0
2692	97
2693	30
2694	0
2695	30
2696	0
2697	0
2698	0
2699	30
2700	1
2701	1
2702	0
2703	5
2704	5
2705	30
2706	30
2707	30
2708	5
2709	0
2710	0
2711	8
2712	97
2713	1
2714	0
2715	45
2716	0
2717	0
2718	8
2719	0
2720	97
2721	0
2722	1
2723	0
2724	0
2725	1
2726	0
2727	5
2728	0
2729	0
2730	15
2731	0
2732	8
2733	5
2734	0
2735	0
2736	15
2737	0
2738	0
2739	5
2740	5
2741	45
2742	0
2743	0
2744	0
2745	22
2746	45
2747	5
2748	45
2749	30
2750	5
2751	0
2752	0
2753	30
2754	15
2755	5
2756	5
2757	0
2758	30
2759	0
2760	1
2761	0
2762	0
2763	1
2764	1
2765	0
2766	0
2767	0
2768	0
2769	0
2770	5
2771	0
2772	0
2773	0
2774	0
2775	0
2776	5
2777	5
2778	5
2779	5
2780	1
2781	97
2782	0
2783	0
2784	1
2785	0
2786	0
2787	0
2788	1
2789	1
2790	0
2791	1
2792	0
2793	0
2794	1
2795	15
2796	0
2797	0
2798	0
2799	0
2800	0
2801	8
2802	8
2803	0
2804	5
2805	97
2806	5
2807	0
2808	0
2809	5
2810	0
2811	8
2812	30
2813	0
2814	5
2815	0
2816	0
2817	0
2818	5
2819	0
2820	5
2821	0
2822	0
2823	0
2824	97
2825	5
2826	97
2827	0
2828	5
2829	1
2830	5
2831	8
2832	0
2833	0
2834	0
2835	1
2836	5
2837	5
2838	8
2839	8
2840	8
2841	0
2842	0
2843	45
2844	0
2845	45
2846	5
2847	1
2848	8
2849	0
2850	0
2851	1
2852	15
2853	5
2854	0
2855	0
2856	1
2857	0
2858	30
2859	0
2860	45
2861	15
2862	30
2863	45
2864	30
2865	15
2866	0
2867	0
2868	30
2869	0
2870	5
2871	15
2872	0
2873	1
2874	15
2875	1
2876	45
2877	22
2878	0
2879	30
2880	0
2881	30
2882	5
2883	5
2884	0
2885	1
2886	0
2887	15
2888	30
2889	30
2890	5
2891	30
2892	22
2893	22
2894	22
2895	0
2896	30
2897	30
2898	30
2899	0
2900	22
2901	30
2902	45
2903	45
2904	45
2905	5
2906	0
2907	0
2908	22
2909	22
2910	22
2911	1
2912	1
2913	1
2914	22
2915	22
2916	22
2917	30
2918	30
2919	8
2920	8
2921	8
2922	1
2923	0
2924	0
2925	22
2926	22
2927	45
2928	5
2929	8
2930	8
2931	8
2932	97
2933	0
2934	1
2935	22
2936	30
2937	30
2938	30
2939	30
2940	45
2941	5
2942	5
2943	0
2944	0
2945	0
2946	0
2947	0
2948	8
2949	30
2950	22
2951	8
2952	0
2953	1
2954	30
2955	8
2956	5
2957	30
2958	30
2959	0
2960	30
2961	0
2962	0
2963	0
2964	0
2965	0
2966	0
2967	5
2968	0
2969	0
2970	0
2971	97
2972	0
2973	30
2974	0
2975	5
2976	0
2977	0
2978	0
2979	0
2980	1
2981	1
2982	0
2983	1
2984	0
2985	1
2986	15
2987	97
2988	0
2989	0
2990	1
2991	0
2992	97
2993	8
2994	30
2995	30
2996	30
2997	0
2998	15
2999	5
3000	8
3001	8
3002	0
3003	5
3004	5
3005	5
3006	5
3007	8
3008	8
3009	45
3010	8
3011	0
3012	30
3013	15
3014	5
3015	8
3016	45
3017	45
3018	5
3019	45
3020	97
3021	97
3022	97
3023	45
3024	97
3025	0
3026	0
3027	0
3028	97
3029	0
3030	0
3031	0
3032	0
3033	0
3034	0
3035	0
3036	0
3037	97
3038	0
3039	8
3040	5
3041	0
3042	0
3043	45
3044	0
3045	0
3046	0
3047	0
3048	0
3049	0
3050	45
3051	8
3052	0
3053	8
3054	15
3055	15
3056	0
3057	1
3058	0
3059	5
3060	45
3061	0
3062	0
3063	0
3064	30
3065	5
3066	5
3067	5
3068	0
3069	0
3070	8
3071	0
3072	45
3073	1
3074	5
3075	0
3076	1
3077	97
3078	97
3079	8
3080	0
3081	5
3082	0
3083	0
3084	97
3085	97
3086	0
3087	97
3088	5
3089	0
3090	0
3091	0
3092	0
3093	0
3094	0
3095	0
3096	0
3097	0
3098	30
3099	0
3100	0
3101	0
3102	0
3103	1
3104	97
3105	0
3106	0
3107	0
3108	0
3109	97
3110	97
3111	0
3112	97
3113	22
3114	0
3115	0
3116	0
3117	1
3118	0
3119	0
3120	0
3121	0
3122	22
3123	0
3124	0
3125	97
3126	0
3127	97
3128	0
3129	8
3130	5
3131	0
3132	0
3133	0
3134	0
3135	0
3136	22
3137	0
3138	0
3139	0
3140	0
3141	1
3142	0
3143	30
3144	0
3145	0
3146	22
3147	8
3148	0
3149	0
3150	0
3151	0
3152	0
3153	0
3154	45
3155	1
3156	1
3157	0
3158	5
3159	8
3160	0
3161	30
3162	5
3163	30
3164	5
3165	30
3166	5
3167	8
3168	0
3169	0
3170	97
3171	0
3172	97
3173	97
3174	0
3175	97
3176	0
3177	45
3178	45
3179	45
3180	0
3181	8
3182	45
3183	97
3184	0
3185	0
3186	0
3187	0
3188	0
3189	0
3190	8
3191	0
3192	5
3193	0
3194	5
3195	0
3196	5
3197	22
3198	5
3199	0
3200	1
3201	22
3202	15
3203	0
3204	15
3205	0
3206	1
3207	0
3208	1
3209	0
3210	97
3211	22
3212	0
3213	0
3214	5
3215	8
3216	15
3217	0
3218	5
3219	97
3220	0
3221	97
3222	0
3223	0
3224	0
3225	0
3226	0
3227	0
3228	5
3229	1
3230	8
3231	0
3232	45
3233	45
3234	0
3235	1
3236	0
3237	0
3238	0
3239	1
3240	0
3241	0
3242	8
3243	1
3244	5
3245	0
3246	5
3247	0
3248	1
3249	15
3250	0
3251	8
3252	0
3253	5
3254	30
3255	0
3256	0
3257	97
3258	97
3259	0
3260	0
3261	0
3262	8
3263	0
3264	0
3265	5
3266	45
3267	30
3268	0
3269	0
3270	0
3271	0
3272	0
3273	97
3274	97
3275	8
3276	8
3277	8
3278	0
3279	0
3280	5
3281	30
3282	30
3283	1
3284	45
3285	0
3286	8
3287	8
3288	45
3289	0
3290	45
3291	0
3292	45
3293	0
3294	5
3295	0
3296	1
3297	0
3298	8
3299	45
3300	8
3301	0
3302	0
3303	0
3304	1
3305	0
3306	22
3307	1
3308	0
3309	0
3310	8
3311	8
3312	5
3313	22
3314	8
3315	8
3316	8
3317	8
3318	5
3319	0
3320	0
3321	30
3322	0
3323	5
3324	8
3325	0
3326	0
3327	22
3328	0
3329	8
3330	8
3331	0
3332	0
3333	0
3334	0
3335	8
3336	0
3337	1
3338	8
3339	0
3340	45
3341	8
3342	8
3343	8
3344	8
3345	8
3346	8
3347	8
3348	8
3349	8
3350	8
3351	45
3352	22
3353	45
3354	15
3355	0
3356	0
3357	8
3358	8
3359	8
3360	5
3361	8
3362	1
3363	0
3364	22
3365	0
3366	0
3367	45
3368	5
3369	0
3370	0
3371	0
3372	1
3373	22
3374	8
3375	45
3376	8
3377	0
3378	5
3379	30
3380	22
3381	30
3382	8
3383	30
3384	1
3385	30
3386	22
3387	0
3388	0
3389	8
3390	5
3391	5
3392	15
3393	8
3394	8
3395	8
3396	45
3397	45
3398	30
3399	1
3400	5
3401	8
3402	0
3403	5
3404	0
3405	8
3406	5
3407	0
3408	8
3409	5
3410	5
3411	8
3412	0
3413	30
3414	0
3415	30
3416	0
3417	1
3418	5
3419	15
3420	45
3421	45
3422	5
3423	30
3424	0
3425	8
3426	8
3427	22
3428	30
3429	22
3430	30
3431	0
3432	0
3433	22
3434	1
3435	0
3436	22
3437	30
3438	30
3439	0
3440	0
3441	22
3442	30
3443	45
3444	0
3445	0
3446	1
3447	45
3448	0
3449	0
3450	45
3451	8
3452	30
3453	0
3454	22
3455	22
3456	22
3457	15
3458	30
3459	45
3460	0
3461	0
3462	8
3463	15
3464	45
3465	8
3466	0
3467	5
3468	15
3469	1
3470	8
3471	0
3472	0
3473	8
3474	5
3475	5
3476	45
3477	45
3478	0
3479	0
3480	0
3481	5
3482	0
3483	5
3484	0
3485	0
3486	5
3487	0
3488	30
3489	30
3490	30
3491	0
3492	8
3493	97
3494	15
3495	0
3496	0
3497	1
3498	15
3499	5
3500	0
3501	1
3502	0
3503	0
3504	0
3505	30
3506	5
3507	45
3508	5
3509	1
3510	97
3511	45
3512	0
3513	0
3514	5
3515	0
3516	30
3517	15
3518	30
3519	0
3520	5
3521	0
3522	0
3523	8
3524	97
3525	0
3526	8
3527	8
3528	0
3529	5
3530	30
3531	1
3532	0
3533	45
3534	1
3535	0
3536	45
3537	22
3538	0
3539	0
3540	1
3541	5
3542	8
3543	5
3544	30
3545	97
3546	1
3547	1
3548	15
3549	15
3550	15
3551	22
3552	30
3553	0
3554	15
3555	15
3556	30
3557	5
3558	8
3559	22
3560	0
3561	5
3562	1
3563	45
3564	5
3565	5
3566	0
3567	0
3568	0
3569	0
3570	0
3571	5
3572	0
3573	0
3574	30
3575	0
3576	0
3577	0
3578	8
3579	0
3580	0
3581	0
3582	0
3583	0
3584	8
3585	22
3586	8
3587	8
3588	0
3589	0
3590	5
3591	0
3592	5
3593	0
3594	0
3595	0
3596	5
3597	0
3598	22
3599	8
3600	8
3601	8
3602	0
3603	45
3604	8
3605	30
3606	8
3607	30
3608	5
3609	0
3610	1
3611	30
3612	5
3613	45
3614	0
3615	1
3616	0
3617	1
3618	30
3619	0
3620	8
3621	45
3622	8
3623	45
3624	5
3625	0
3626	5
3627	45
3628	5
3629	0
3630	15
3631	8
3632	30
3633	1
3634	45
3635	1
3636	5
3637	0
3638	30
3639	45
3640	0
3641	45
3642	1
3643	5
3644	0
3645	0
3646	0
3647	0
3648	30
3649	0
3650	0
3651	0
3652	8
3653	0
3654	0
3655	0
3656	0
3657	0
3658	0
3659	1
3660	8
3661	30
3662	1
3663	0
3664	0
3665	0
3666	0
3667	30
3668	1
3669	0
3670	30
3671	30
3672	30
3673	0
3674	30
3675	0
3676	15
3677	0
3678	1
3679	97
3680	0
3681	0
3682	22
3683	5
3684	0
3685	15
3686	1
3687	5
3688	5
3689	0
3690	22
3691	1
3692	30
3693	45
3694	5
3695	1
3696	5
3697	45
3698	1
3699	22
3700	0
3701	8
3702	45
3703	0
3704	45
3705	15
3706	0
3707	45
3708	0
3709	0
3710	0
3711	15
3712	15
3713	1
3714	45
3715	8
3716	0
3717	30
3718	0
3719	0
3720	0
3721	0
3722	0
3723	45
3724	5
3725	30
3726	1
3727	8
3728	8
3729	8
3730	0
3731	97
3732	0
3733	45
3734	22
3735	22
3736	30
3737	22
3738	22
3739	22
3740	0
3741	0
3742	22
3743	5
3744	0
3745	0
3746	5
3747	0
3748	0
3749	30
3750	97
3751	1
3752	45
3753	8
3754	0
3755	8
3756	0
3757	22
3758	0
3759	5
3760	0
3761	0
3762	5
3763	0
3764	0
3765	0
3766	22
3767	22
3768	5
3769	5
3770	22
3771	22
3772	5
3773	0
3774	22
3775	22
3776	22
3777	1
3778	5
3779	5
3780	5
3781	8
3782	0
3783	0
3784	45
3785	0
3786	5
3787	45
3788	22
3789	5
3790	5
3791	22
3792	8
3793	8
3794	0
3795	0
3796	0
3797	22
3798	0
3799	22
3800	0
3801	22
3802	22
3803	0
3804	30
3805	5
3806	22
3807	30
3808	22
3809	30
3810	30
3811	22
3812	5
3813	30
3814	0
3815	0
3816	97
3817	22
3818	22
3819	0
3820	0
3821	8
3822	22
3823	0
3824	22
3825	30
3826	15
3827	22
3828	5
3829	8
3830	15
3831	8
3832	8
3833	8
3834	8
3835	22
3836	0
3837	97
3838	0
3839	15
3840	15
3841	5
3842	0
3843	5
3844	0
3845	1
3846	45
3847	0
3848	0
3849	8
3850	22
3851	5
3852	1
3853	0
3854	5
3855	0
3856	0
3857	1
3858	15
3859	30
3860	5
3861	0
3862	0
3863	22
3864	5
3865	22
3866	22
3867	5
3868	0
3869	5
3870	0
3871	5
3872	22
3873	30
3874	97
3875	0
3876	15
3877	0
3878	1
3879	0
3880	0
3881	0
3882	0
3883	0
3884	1
3885	8
3886	5
3887	5
3888	0
3889	5
3890	5
3891	0
3892	0
3893	22
3894	0
3895	0
3896	97
3897	0
3898	0
3899	0
3900	0
3901	0
3902	22
3903	1
3904	8
3905	45
3906	0
3907	22
3908	0
3909	5
3910	45
3911	15
3912	97
3913	1
3914	0
3915	1
3916	45
3917	8
3918	5
3919	8
3920	45
3921	30
3922	22
3923	22
3924	22
3925	8
3926	1
3927	30
3928	5
3929	0
3930	0
3931	5
3932	30
3933	30
3934	30
3935	0
3936	8
3937	0
3938	30
3939	45
3940	1
3941	22
3942	8
3943	0
3944	5
3945	5
3946	45
3947	1
3948	8
3949	1
3950	45
3951	0
3952	0
3953	45
3954	22
3955	30
3956	45
3957	22
3958	0
3959	0
3960	0
3961	0
3962	0
3963	0
3964	0
3965	0
3966	0
3967	30
3968	0
3969	0
3970	30
3971	22
3972	22
3973	22
3974	0
3975	0
3976	22
3977	5
3978	22
3979	22
3980	0
3981	0
3982	0
3983	8
3984	1
3985	0
3986	0
3987	8
3988	1
3989	0
3990	8
3991	30
3992	30
3993	30
3994	30
3995	30
3996	15
3997	15
3998	5
3999	5
4000	5
4001	45
4002	45
4003	5
4004	5
4005	5
4006	5
4007	5
4008	5
4009	5
4010	0
4011	0
4012	1
4013	0
4014	0
4015	0
4016	0
4017	0
4018	30
4019	0
4020	45
4021	0
4022	0
4023	0
4024	0
4025	0
4026	30
4027	0
4028	30
4029	5
4030	0
4031	22
4032	0
4033	0
4034	0
4035	30
4036	30
4037	22
4038	22
4039	30
4040	0
4041	5
4042	15
4043	0
4044	5
4045	22
4046	45
4047	0
4048	0
4049	45
4050	8
4051	1
4052	8
4053	97
4054	8
4055	8
4056	97
4057	97
4058	0
4059	45
4060	1
4061	5
4062	5
4063	1
4064	1
4065	0
4066	5
4067	0
4068	0
4069	8
4070	5
4071	0
4072	1
4073	0
4074	0
4075	0
4076	0
4077	0
4078	0
4079	0
4080	30
4081	0
4082	0
4083	0
4084	45
4085	8
4086	5
4087	1
4088	0
4089	8
4090	0
4091	1
4092	30
4093	0
4094	22
4095	0
4096	0
4097	0
4098	0
4099	30
4100	1
4101	8
4102	0
4103	1
4104	97
4105	1
4106	5
4107	0
4108	1
4109	30
4110	1
4111	1
4112	97
4113	97
4114	97
4115	0
4116	0
4117	0
4118	97
4119	5
4120	97
4121	22
4122	0
4123	0
4124	22
4125	8
4126	0
4127	0
4128	5
4129	8
4130	30
4131	0
4132	1
4133	30
4134	8
4135	22
4136	22
4137	0
4138	30
4139	97
4140	8
4141	8
4142	8
4143	1
4144	8
4145	5
4146	5
4147	8
4148	1
4149	5
4150	1
4151	0
4152	1
4153	1
4154	1
4155	22
4156	0
4157	5
4158	5
4159	0
4160	0
4161	0
4162	0
4163	0
4164	0
4165	0
4166	5
4167	22
4168	0
4169	15
4170	0
4171	0
4172	0
4173	5
4174	5
4175	0
4176	45
4177	45
4178	0
4179	5
4180	0
4181	0
4182	8
4183	0
4184	5
4185	0
4186	0
4187	1
4188	1
4189	1
4190	5
4191	15
4192	30
4193	15
4194	30
4195	30
4196	1
4197	5
4198	5
4199	0
4200	0
4201	5
4202	1
4203	0
4204	5
4205	0
4206	45
4207	8
4208	30
4209	5
4210	0
4211	0
4212	0
4213	0
4214	0
4215	0
4216	30
4217	5
4218	0
4219	30
4220	1
4221	1
4222	8
4223	0
4224	8
4225	22
4226	45
4227	0
4228	5
4229	45
4230	0
4231	0
4232	5
4233	5
4234	5
4235	45
4236	5
4237	45
4238	22
4239	45
4240	0
4241	0
4242	8
4243	0
4244	0
4245	30
4246	30
4247	15
4248	45
4249	0
4250	5
4251	0
4252	0
4253	45
4254	8
4255	5
4256	30
4257	5
4258	0
4259	0
4260	45
4261	45
4262	15
4263	5
4264	15
4265	0
4266	22
4267	0
4268	0
4269	45
4270	45
4271	0
4272	22
4273	22
4274	5
4275	45
4276	0
4277	5
4278	15
4279	30
4280	1
4281	8
4282	45
4283	8
4284	22
4286	22
4287	0
4288	5
4289	0
4290	5
4291	1
4292	1
4293	0
4294	0
4295	5
4296	0
4297	0
4298	5
4299	22
4300	30
4301	22
4302	0
4303	0
4304	1
4305	1
4306	0
4307	0
4308	5
4309	0
4310	0
4311	45
4312	1
4313	0
4314	5
4315	0
4316	0
4317	8
4318	0
4319	22
4320	1
4321	30
4322	0
4323	5
4324	15
4325	5
4326	0
4327	30
4328	1
4329	30
4330	0
4331	5
4332	0
4333	0
4334	45
4335	8
4336	5
4337	0
4338	30
4339	45
4340	0
4341	8
4342	8
4343	0
4344	0
4345	0
4346	15
4347	0
4348	1
4349	0
4350	5
4351	5
4352	1
4353	30
4354	0
4355	8
4356	22
4357	0
4358	30
4359	8
4360	1
4361	0
4362	0
4363	0
4364	0
4365	0
4366	22
4367	0
4368	0
4369	1
4370	22
4371	0
4372	0
4373	0
4374	0
4375	0
4376	45
4377	8
4378	8
4379	5
4380	45
4381	0
4382	97
4383	30
4384	22
4385	22
4386	8
4387	22
4388	1
4389	8
4390	22
4391	30
4392	1
4393	0
4394	15
4395	5
4396	8
4397	30
4398	30
4399	0
4400	0
4401	0
4402	0
4403	1
4404	22
4405	5
4406	22
4407	8
4408	45
4409	45
4410	15
4411	5
4412	1
4413	8
4414	8
4415	1
4416	5
4417	8
4418	22
4419	0
4420	0
4421	0
4422	0
4423	5
4424	45
4425	0
4426	1
4427	97
4428	0
4429	0
4430	30
4431	5
4432	0
4433	22
4434	0
4435	0
4436	0
4437	0
4438	15
4439	0
4440	0
4441	1
4442	0
4443	0
4444	0
4445	1
4446	1
4447	8
4448	0
4449	1
4450	0
4451	45
4452	0
4453	5
4454	0
4455	1
4456	0
4457	0
4458	1
4459	45
4460	5
4461	0
4462	30
4463	5
4464	30
4465	0
4466	0
4467	0
4468	5
4469	0
4470	1
4471	0
4472	1
4473	1
4474	0
4475	1
4476	0
4477	1
4478	30
4479	45
4480	45
4481	22
4482	22
4483	0
4484	45
4485	8
4486	97
4487	15
4488	1
4489	45
4490	1
4491	0
4492	45
4493	45
4494	0
4495	0
4496	15
4497	5
4498	45
4499	30
4500	22
4501	30
4502	8
4503	5
4504	0
4505	5
4506	22
4507	22
4508	30
4509	30
4510	45
4511	5
4512	0
4513	0
4514	15
4515	22
4516	8
4517	0
4518	8
4519	45
4520	45
4521	0
4522	5
4523	0
4524	22
4525	0
4526	22
4527	22
4528	30
4529	1
4530	45
4531	0
4532	15
4533	8
4534	15
4535	8
4536	0
4537	22
4538	0
4539	0
4540	0
4541	8
4542	5
4543	30
4544	1
4545	0
4546	0
4547	0
4548	0
4549	0
4550	97
4551	1
4552	97
4553	0
4554	30
4555	0
4556	30
4557	45
4558	30
4559	5
4560	0
4561	0
4562	5
4563	0
4564	22
4565	30
4566	22
4567	0
4568	15
4569	0
4570	1
4571	0
4572	5
4573	97
4574	1
4575	1
4576	0
4577	8
4578	1
4579	1
4580	1
4581	0
4582	0
4583	22
4584	5
4585	22
4586	97
4587	0
4588	8
4589	30
4590	8
4591	5
4592	0
4593	5
4594	5
4595	5
4596	5
4597	0
4598	0
4599	1
4600	0
4601	1
4602	5
4603	45
4604	0
4605	0
4606	0
4607	0
4608	30
4609	22
4610	0
4611	22
4612	5
4613	5
4614	0
4615	22
4616	30
4617	30
4618	30
4619	45
4620	0
4621	5
4622	5
4623	5
4624	30
4625	0
4626	0
4627	0
4628	0
4629	0
4630	0
4631	0
4632	0
4633	0
4634	0
4635	0
4636	0
4637	0
4638	0
4639	22
4640	30
4641	0
4642	0
4643	8
4644	0
4645	30
4646	0
4647	8
4648	0
4649	8
4651	30
4652	0
4653	30
4654	0
4655	22
4656	45
4657	0
4658	15
4659	8
4660	8
4661	0
4662	45
4663	8
4664	45
4665	5
4666	0
4667	30
4668	0
4669	0
4670	45
4671	22
4672	0
4673	0
4674	30
4675	0
4676	22
4677	22
4678	1
4679	22
4680	45
4681	0
4682	5
4683	0
4684	30
4685	30
4686	0
4687	0
4688	0
4689	0
4690	15
4691	1
4692	15
4693	1
4694	0
4695	5
4696	1
4697	22
4698	30
4699	8
4700	0
4701	0
4702	0
4703	5
4704	22
4705	8
4706	0
4707	1
4708	0
4709	0
4710	0
4711	5
4712	0
4713	45
4714	5
4715	0
4716	0
4717	8
4718	30
4719	0
4720	8
4721	8
4722	30
4723	30
4724	1
4725	45
4726	1
4727	22
4728	5
4729	45
4730	5
4731	30
4732	8
4733	8
4734	8
4735	8
4736	0
4737	8
4738	8
4739	0
4740	30
4741	1
4742	45
4743	0
4744	15
4745	5
4746	45
4747	8
4748	30
4749	45
4750	8
4751	15
4752	5
4753	5
4754	97
4755	1
4756	0
4757	30
4758	0
4759	1
4760	30
4761	5
4762	0
4763	0
4764	45
4765	5
4766	8
4767	5
4768	1
4769	5
4770	5
4771	97
4772	8
4773	1
4774	0
4775	1
4776	5
4777	8
4778	5
4779	1
4780	0
4781	5
4782	5
4783	97
4784	1
4785	0
4786	97
4787	5
4788	22
4789	30
4790	22
4791	8
4792	8
4793	0
4794	22
4795	97
4796	30
4797	0
4798	8
4799	30
4800	5
4801	30
4802	30
4803	8
4804	8
4805	30
4806	15
4807	1
4808	97
4809	30
4810	5
4811	45
4812	0
4813	45
4814	22
4815	0
4816	22
4817	97
4818	0
4819	30
4820	45
4821	30
4822	45
4823	30
4824	30
4825	30
4826	30
4827	30
4828	45
4829	45
4830	5
4831	0
4832	30
4833	0
4834	0
4835	8
4836	0
4837	30
4838	8
4839	5
4840	22
4841	0
4842	0
4843	5
4844	8
4845	0
4846	0
4847	8
4848	0
4849	15
4850	0
4851	0
4852	0
4853	22
4854	8
4855	1
4856	0
4857	0
4858	0
4859	1
4860	0
4861	5
4862	5
4863	1
4864	0
4865	0
4866	0
4867	0
4868	0
4869	0
4870	0
4871	0
4872	5
4873	0
4874	30
4875	22
4876	5
4877	30
4878	15
4879	45
4880	0
4881	0
4882	0
4883	5
4884	30
4885	30
4886	5
4887	5
4888	5
4889	8
4890	22
4891	30
4892	0
4893	45
4894	0
4895	5
4896	0
4897	5
4898	0
4899	5
4900	1
4901	45
4902	8
4903	1
4904	97
4905	97
4906	5
4907	97
4908	97
4909	22
4910	1
4911	1
4912	1
4913	1
4914	1
4915	0
4916	30
4917	8
4918	30
4919	30
4920	30
4921	1
4922	0
4923	0
4924	22
4925	8
4926	0
4927	45
4928	1
4929	5
4930	1
4931	0
4932	30
4933	45
4934	1
4935	0
4936	45
4937	1
4938	30
4939	1
4940	1
4941	30
4942	0
4943	8
4944	0
4945	1
4946	8
4947	0
4948	0
4949	1
4950	5
4951	22
4952	5
4953	30
4954	1
4955	0
4956	1
4957	8
4958	0
4959	0
4960	0
4961	5
4962	0
4963	45
4964	0
4965	0
4966	0
4967	97
4968	8
4969	0
4970	97
4971	1
4972	30
4973	0
4974	15
4975	8
4976	0
4977	0
4978	0
4979	1
4980	5
4981	0
4982	8
4983	0
4984	45
4985	15
4986	1
4987	1
4988	5
4989	45
4990	8
4991	5
4992	0
4993	0
4994	1
4995	0
4996	45
4997	5
4998	0
4999	0
5000	0
5001	0
5002	1
5003	0
5004	22
5005	45
5006	8
5007	22
5008	5
5009	0
5010	0
5011	22
5012	45
5013	15
5014	45
5015	45
5016	5
5017	45
5018	15
5019	45
5020	5
5021	8
5022	45
5023	5
5024	45
5025	5
5026	30
5027	0
5028	22
5029	5
5030	0
5031	45
5032	0
5033	15
5034	15
5035	0
5036	45
5037	30
5038	30
5039	5
5040	8
5041	15
5042	8
5043	30
5044	0
5045	45
5046	30
5047	22
5048	1
5049	0
5050	1
5051	0
5052	0
5053	1
5054	0
5055	0
5056	0
5057	0
5058	0
5059	15
5060	15
5061	5
5062	0
5063	8
5064	5
5065	0
5066	0
5067	0
5068	22
5069	1
5070	0
5071	5
5072	22
5073	8
5074	0
5075	0
5076	8
5077	22
5078	1
5079	1
5080	5
5081	22
5082	30
5083	5
5084	97
5085	1
5086	8
5087	30
5088	0
5089	1
5090	45
5091	8
5092	22
5093	0
5094	22
5095	22
5096	0
5097	0
5098	0
5099	5
5100	22
5101	30
5102	22
5103	30
5104	0
5105	0
5106	8
5107	5
5108	8
5109	0
5110	30
5111	0
5112	30
5113	0
5114	0
5115	5
5116	0
5117	0
5118	0
5119	97
5120	8
5121	22
5122	22
5123	22
5124	8
5125	5
5126	30
5127	45
5128	0
5129	5
5130	0
5131	15
5132	45
5133	30
5134	5
5135	22
5136	1
5137	0
5138	0
5139	0
5140	0
5141	0
5142	0
5143	22
5144	22
5145	22
5146	97
5147	8
5148	30
5149	1
5150	22
5151	0
5152	0
5153	22
5154	0
5155	22
5156	8
5157	22
5158	8
5159	0
5160	5
5161	0
5162	0
5163	45
5164	5
5165	0
5166	0
5167	8
5168	0
5169	30
5170	15
5171	30
5172	0
5173	22
5174	8
5175	1
5176	5
5177	1
5178	5
5179	1
5180	1
5181	0
5182	1
5183	0
5184	0
5185	45
5186	0
5187	8
5188	5
5189	5
5190	22
5191	22
5192	45
5193	1
5194	45
5195	30
5196	30
5197	22
5198	0
5199	15
5200	1
5201	45
5202	1
5203	30
5204	0
5205	5
5206	30
5207	5
5208	22
5209	15
5210	22
5211	0
5212	8
5213	1
5214	8
5215	0
5216	97
5217	97
5218	97
5219	97
5220	97
5221	30
5222	1
5223	5
5224	0
5225	0
5226	1
5227	30
5228	0
5229	15
5230	30
5231	45
5232	97
5233	5
5234	8
5235	45
5236	8
5237	30
5238	1
5239	1
5240	22
5241	30
5242	8
5243	45
5244	97
5245	5
5246	45
5247	0
5248	30
5249	0
5250	45
5251	5
5252	45
5253	1
5254	5
5255	5
5256	8
5257	8
5258	5
5259	1
5260	22
5261	0
5262	5
5263	15
5264	22
5265	0
5266	0
5267	0
5268	8
5269	5
5270	1
5271	30
5272	8
5273	0
5274	1
5275	0
5276	30
5277	1
5278	1
5279	1
5280	22
5281	30
5282	8
5283	5
5284	1
5285	1
5286	5
5287	0
5288	5
5289	0
5290	1
5291	0
5292	1
5293	0
5294	1
5295	0
5296	0
5297	0
5298	0
5299	0
5300	0
5301	0
5302	1
5303	0
5304	1
5305	1
5306	0
5307	1
5308	0
5309	0
5310	45
5311	45
5312	15
5313	1
5314	0
5315	0
5316	8
5317	0
5318	1
5319	0
5320	0
5321	5
5322	0
5323	0
5324	5
5325	1
5326	1
5327	5
5328	0
5329	1
5330	0
5331	30
5332	0
5333	0
5334	0
5335	0
5336	0
5337	30
5338	22
5339	45
5340	0
5341	0
5342	22
5343	5
5344	1
5345	5
5346	0
5347	1
5348	0
5349	0
5350	1
5351	0
5352	5
5353	1
5354	8
5355	8
5356	1
5357	0
5358	0
5359	1
5360	1
5361	0
5362	0
5363	0
5364	0
5365	5
5366	5
5367	0
5368	15
5369	22
5370	8
5371	0
5372	0
5373	5
5374	5
5375	5
5376	15
5377	0
5378	0
5379	5
5380	0
5381	0
5382	8
5383	30
5384	30
5385	45
5386	15
5387	22
5388	1
5389	1
5390	0
5391	30
5392	30
5393	0
5394	0
5395	15
5396	30
5397	1
5398	5
5399	22
5400	45
5401	0
5402	0
5403	0
5404	0
5405	1
5406	0
5407	8
5408	97
5409	8
5410	30
5411	97
5412	97
5413	0
5414	97
5415	97
5416	8
5417	22
5418	8
5419	0
5420	0
5421	0
5422	97
5423	0
5424	22
5425	5
5426	22
5427	8
5428	0
5429	15
5430	5
5431	0
5432	5
5433	5
5434	45
5435	0
5436	1
5437	30
5438	30
5439	1
5440	45
5441	45
5442	15
5443	0
5444	15
5445	5
5446	15
5447	0
5448	0
5449	30
5450	45
5451	1
5452	30
5453	0
5454	1
5455	0
5456	30
5457	0
5458	0
5459	15
5460	0
5461	22
5462	0
5463	1
5464	0
5465	0
5466	1
5467	30
5468	5
5469	5
5470	8
5471	1
5472	5
5473	0
5474	0
5475	0
5476	0
5477	0
5478	5
5479	0
5480	0
5481	22
5482	30
5483	5
5484	45
5485	5
5486	0
5487	30
5488	30
5489	0
5490	30
5491	0
5492	8
5493	0
5494	0
5495	0
5496	45
5497	30
5498	0
5499	97
5500	97
5501	0
5502	30
5503	1
5504	0
5505	0
5506	0
5507	30
5508	0
5509	0
5510	15
5511	0
5512	0
5513	0
5514	22
5515	30
5516	5
5517	8
5518	5
5519	8
5520	0
5521	5
5522	30
5523	5
5524	0
5525	0
5526	8
5527	8
5528	0
5529	5
5530	5
5531	5
5532	0
5533	0
5534	97
5535	0
5536	0
5537	1
5538	0
5539	0
5540	0
5541	0
5542	30
5543	8
5544	45
5545	5
5546	1
5547	0
5548	22
5549	45
5550	0
5551	0
5552	30
5553	5
5554	0
5555	0
5556	8
5557	0
5558	22
5559	8
5560	0
5561	0
5562	8
5563	8
5564	22
5565	0
5566	45
5567	22
5568	1
5569	30
5570	22
5571	22
5572	30
5573	45
5574	5
5575	45
5576	8
5577	5
5578	15
5579	0
5580	1
5581	22
5582	0
5583	45
5584	5
5585	15
5586	45
5587	45
5588	5
5589	30
5590	0
5591	8
5592	45
5593	45
5594	30
5595	0
5596	1
5597	8
5598	0
5599	5
5600	0
5601	0
5602	0
5603	0
5604	0
5605	0
5606	0
5607	0
5608	5
5609	0
5610	0
5611	0
5612	0
5613	0
5614	15
5615	0
5616	15
5617	0
5618	0
5619	0
5620	5
5621	0
5622	0
5623	5
5624	30
5625	0
5626	0
5627	15
5628	0
5629	0
5630	15
5631	15
5632	22
5633	0
5634	5
5635	0
5636	0
5637	0
5638	5
5639	0
5640	30
5641	1
5642	22
5643	15
5644	0
5645	45
5646	1
5647	30
5648	0
5649	1
5650	30
5651	45
5652	5
5653	45
5654	45
5655	30
5656	0
5657	0
5658	22
5659	0
5660	1
5661	5
5662	5
5663	5
5664	45
5665	0
5666	45
5667	0
5668	30
5669	30
5670	30
5671	8
5672	8
5673	8
5674	8
5675	0
5676	45
5677	0
5678	22
5679	5
5680	97
5681	0
5682	22
5683	22
5684	5
5685	8
5686	15
5687	30
5688	5
5689	97
5690	30
5691	0
5692	5
5693	5
5694	0
5695	0
5696	0
5697	0
5698	0
5699	8
5700	8
5701	8
0	0